InstanceID	N0	N1	N2	N3	N4	N5	N6	N7	N8	N9	N10	N11	N12	N13	N14	N15	N16	N17	M0P0	M0P1	Class
0	0	0	0	0	0	0	0	2	0	0	1	2	1	2	1	0	1	0	1	2	5
1	1	0	0	0	0	1	1	1	0	0	0	1	0	1	1	0	0	1	0	0	0
2	0	0	0	1	0	0	0	2	0	0	0	1	0	1	1	0	0	0	2	1	7
3	0	0	0	1	2	0	1	0	0	0	1	1	1	1	1	1	1	1	1	1	4
4	0	1	0	1	0	0	0	0	0	0	0	0	1	1	1	0	1	0	1	0	3
5	1	0	0	1	2	0	1	0	0	0	1	1	1	1	1	0	2	0	1	0	3
6	0	1	1	0	0	0	0	1	0	0	0	0	0	0	2	0	0	0	2	0	6
7	0	1	0	0	1	1	0	1	0	1	1	1	1	2	1	1	2	0	1	0	3
8	0	1	0	0	1	0	1	0	0	0	1	1	2	0	0	1	1	0	1	2	5
9	1	0	0	1	1	0	0	1	0	1	1	0	0	2	2	0	0	0	1	2	5
10	1	1	0	0	2	1	0	0	0	1	1	0	2	1	1	0	0	0	1	1	4
11	0	1	1	1	1	0	0	1	0	1	1	0	0	0	0	0	0	0	1	1	4
12	0	0	0	1	1	0	0	0	0	1	1	1	1	2	1	0	1	0	2	1	7
13	0	1	0	1	1	0	0	1	0	0	2	1	0	1	1	0	1	1	0	1	1
14	0	0	0	2	0	0	0	1	0	1	0	2	1	0	0	0	1	1	1	1	4
15	0	0	1	1	0	0	0	1	0	1	0	1	0	1	1	0	0	0	1	1	4
16	1	1	0	2	0	0	0	1	0	1	1	1	0	2	0	0	1	0	0	2	2
17	0	0	0	1	0	0	0	0	0	0	2	1	0	1	1	1	1	1	0	2	2
18	0	0	1	1	1	0	0	0	0	1	2	0	1	1	1	0	1	0	1	1	4
19	0	1	0	0	1	0	1	1	0	1	0	1	2	0	1	0	0	1	1	1	4
20	0	1	1	2	1	0	0	1	0	0	0	0	1	1	0	0	0	0	2	1	7
21	0	0	0	0	2	0	0	1	0	0	1	1	0	0	1	0	1	1	1	1	4
22	0	0	0	0	0	0	1	1	0	1	1	1	0	1	0	0	0	1	1	1	4
23	0	1	0	1	0	0	0	0	0	0	1	0	2	0	1	0	1	1	1	1	4
24	1	1	0	1	2	0	1	0	0	1	1	0	0	1	1	1	1	0	0	2	2
25	0	0	0	1	1	0	1	1	0	0	1	1	1	2	1	0	0	0	1	0	3
26	0	1	0	1	0	0	0	1	0	1	1	1	1	1	1	0	1	0	1	1	4
27	0	0	0	1	0	0	1	1	0	0	1	1	1	1	1	0	2	0	1	1	4
28	0	1	0	0	0	0	0	1	0	1	1	1	0	0	0	1	2	0	1	0	3
29	0	1	0	2	0	0	0	0	0	1	0	1	0	1	1	0	0	0	1	2	5
30	0	1	0	2	1	0	2	1	0	0	2	1	0	0	0	0	0	0	0	0	0
31	0	1	0	2	2	0	0	1	1	0	0	1	1	2	1	0	1	0	1	1	4
32	1	0	0	2	2	0	1	0	1	1	0	1	2	1	0	0	0	1	0	1	1
33	0	1	1	0	1	0	0	1	0	0	0	1	0	1	2	0	2	0	1	0	3
34	0	0	0	1	1	0	0	2	0	1	0	2	0	1	2	0	1	0	2	2	8
35	0	1	0	0	1	0	0	2	1	1	0	1	1	1	1	1	2	0	1	1	4
36	1	0	0	1	2	0	0	2	1	2	0	0	1	1	1	0	1	0	1	1	4
37	0	1	0	0	1	0	0	0	0	0	2	1	0	0	0	0	1	1	1	2	5
38	0	0	0	2	1	0	0	2	0	1	0	0	1	1	2	0	1	0	1	0	3
39	0	1	0	1	1	1	0	0	0	0	1	1	0	0	0	0	1	0	0	1	1
40	0	0	0	1	1	0	0	1	1	0	0	1	0	1	1	0	0	0	1	1	4
41	1	0	0	0	2	0	1	1	0	1	1	0	2	0	1	0	1	0	1	1	4
42	0	0	1	1	0	0	1	1	0	0	1	0	0	1	1	0	0	0	0	1	1
43	1	0	0	1	0	0	0	0	0	2	2	1	2	0	1	0	1	0	1	2	5
44	0	0	0	0	1	0	0	2	1	2	0	0	1	2	0	0	0	0	2	1	7
45	1	0	0	1	1	0	0	0	1	0	0	1	0	0	0	1	2	0	1	1	4
46	0	0	0	0	1	0	0	1	0	1	0	1	1	1	2	0	1	0	1	0	3
47	0	0	0	1	1	1	0	2	0	1	1	1	1	0	1	1	1	0	0	0	0
48	1	2	1	1	0	0	0	2	0	0	1	0	0	1	0	0	1	0	0	2	2
49	0	1	0	1	0	0	0	0	1	1	0	1	1	1	1	0	2	0	0	1	1
50	0	1	0	2	0	0	0	1	0	0	0	1	0	0	0	1	1	0	1	1	4
51	0	1	0	0	1	0	0	2	0	2	1	1	2	1	1	1	1	0	1	0	3
52	0	0	0	1	1	0	0	2	0	1	0	2	1	1	0	1	1	0	1	2	5
53	0	1	0	1	1	0	1	1	0	0	0	0	1	2	1	0	1	0	2	1	7
54	0	0	0	0	0	0	0	0	0	2	1	0	0	0	2	0	0	1	2	1	7
55	0	0	0	1	1	0	0	1	0	0	0	0	1	1	1	0	1	0	2	1	7
56	0	0	0	0	1	0	2	1	1	2	2	1	1	1	1	0	1	0	0	0	0
57	0	0	0	1	2	0	0	0	0	1	1	0	2	2	1	0	1	0	1	1	4
58	0	0	0	1	1	0	0	0	0	2	1	0	1	0	1	0	0	0	2	0	6
59	0	0	0	0	2	0	0	1	0	0	1	1	2	0	1	0	1	0	2	0	6
60	0	0	0	1	1	0	0	1	0	0	2	1	1	1	2	0	0	0	1	1	4
61	0	1	0	0	1	0	0	2	0	1	1	0	0	0	1	0	0	0	1	0	3
62	1	1	0	0	1	0	0	1	0	0	1	2	0	2	0	0	0	0	0	0	0
63	0	0	0	1	1	0	1	1	1	0	1	0	1	0	2	1	0	0	1	2	5
64	0	1	1	0	0	0	0	1	0	2	0	1	0	0	1	1	1	1	0	0	0
65	0	1	0	1	2	0	0	2	0	1	1	1	0	0	2	0	1	1	2	2	8
66	0	1	0	0	1	1	1	1	0	1	1	0	0	1	1	2	0	0	1	1	4
67	1	1	0	0	1	0	0	0	0	1	0	1	0	2	1	0	0	1	0	2	2
68	0	0	0	0	2	0	0	0	0	1	1	0	0	2	1	0	2	1	2	1	7
69	0	0	0	1	1	0	1	0	0	1	1	0	1	1	2	1	1	0	0	1	1
70	1	1	1	1	1	0	0	1	0	1	1	2	2	0	1	0	0	0	1	0	3
71	0	0	1	2	1	0	0	0	1	1	1	0	1	1	2	0	0	0	2	0	6
72	0	0	0	1	1	0	0	1	0	0	1	1	1	1	0	0	1	1	1	0	3
73	0	0	0	1	1	0	0	2	0	1	2	1	1	1	1	0	1	0	1	1	4
74	0	1	0	0	0	1	0	1	0	0	0	0	2	0	2	0	1	0	2	2	8
75	0	1	0	1	1	0	0	1	0	1	0	0	0	2	1	1	0	0	0	1	1
76	0	0	0	0	2	1	0	1	0	0	0	1	0	0	0	0	1	0	2	0	6
77	0	0	0	0	1	0	1	0	0	0	0	2	2	1	1	0	0	0	0	1	1
78	0	2	1	1	0	0	1	1	0	1	1	1	0	2	0	1	0	0	1	1	4
79	0	2	1	1	0	1	0	0	1	0	1	0	1	1	1	0	2	0	1	0	3
80	0	1	1	1	2	0	0	1	0	0	0	0	0	0	1	1	1	1	1	1	4
81	0	0	0	1	2	0	0	1	1	1	1	0	0	0	0	0	1	0	1	2	5
82	0	0	0	1	1	0	0	1	1	0	0	0	1	1	2	0	1	0	0	1	1
83	0	0	0	0	2	0	1	1	0	0	0	1	1	1	1	1	0	1	2	1	7
84	0	0	0	0	1	0	1	1	0	0	0	0	1	2	1	0	0	0	2	1	7
85	0	1	0	1	1	0	0	2	0	0	0	0	0	1	1	0	0	0	1	1	4
86	0	0	1	2	1	0	0	1	0	2	1	0	1	0	0	0	0	0	0	0	0
87	0	1	0	0	1	0	0	1	0	1	1	2	2	1	1	0	0	1	1	1	4
88	0	0	0	1	1	0	0	0	0	0	1	1	1	1	1	0	0	0	1	1	4
89	0	0	1	1	2	0	0	0	0	1	0	1	0	1	0	0	0	0	1	0	3
90	1	1	0	2	1	0	0	1	0	0	0	1	1	2	1	0	0	0	0	1	1
91	0	0	0	1	0	0	0	2	0	1	2	1	1	1	2	0	0	1	1	1	4
92	0	1	0	1	0	0	1	1	0	1	0	0	2	2	1	0	0	0	1	1	4
93	0	0	0	0	1	1	0	2	0	0	0	1	1	1	1	0	1	1	2	2	8
94	0	0	0	2	0	0	1	1	0	1	1	0	0	1	0	1	0	0	2	0	6
95	0	1	0	1	0	0	0	0	0	0	0	0	0	1	0	1	2	1	2	1	7
96	0	0	1	0	1	0	0	1	0	2	1	2	1	1	1	0	2	0	1	1	4
97	0	0	0	0	2	1	0	1	0	2	1	1	2	0	2	0	1	0	0	1	1
98	0	1	0	2	1	0	1	2	0	0	0	1	1	2	2	0	0	0	0	1	1
99	0	2	0	2	0	0	0	0	0	0	0	1	1	1	1	0	0	0	1	2	5
100	0	0	0	1	1	1	0	2	0	1	2	1	2	1	2	1	1	1	0	0	0
101	0	0	0	0	1	1	0	1	0	0	0	0	1	1	2	0	0	0	2	2	8
102	0	0	0	0	0	0	0	0	0	1	1	0	1	0	0	1	1	0	2	1	7
103	1	1	0	0	0	0	0	1	0	0	1	1	0	1	1	0	1	0	0	0	0
104	1	1	1	2	1	0	0	1	0	0	1	0	1	2	2	1	1	0	0	0	0
105	0	0	0	1	1	0	0	1	0	1	0	1	1	1	0	0	0	1	1	1	4
106	0	0	0	1	0	0	0	2	0	1	1	0	0	1	0	1	0	1	0	1	1
107	1	1	1	0	2	0	0	1	0	0	0	2	1	0	1	0	1	0	1	1	4
108	0	1	1	0	2	1	0	0	0	2	2	1	1	1	1	0	1	0	1	2	5
109	0	1	1	2	0	0	0	2	0	1	0	0	2	2	1	0	1	1	1	0	3
110	2	0	0	1	1	0	0	1	0	1	1	0	1	2	0	1	0	1	1	0	3
111	0	0	0	1	1	0	0	1	0	2	2	1	1	1	0	0	1	0	1	1	4
112	1	0	0	1	0	0	0	2	0	1	0	1	1	2	0	0	2	0	1	0	3
113	0	0	0	0	1	0	0	2	0	0	0	1	2	1	0	1	1	0	2	1	7
114	0	1	0	1	1	0	0	1	0	2	0	1	0	1	0	1	0	0	0	1	1
115	0	0	1	2	0	0	0	1	1	1	0	1	2	2	1	0	0	0	2	1	7
116	0	0	0	1	2	1	0	1	0	0	2	0	0	2	0	0	1	0	1	0	3
117	0	0	1	1	2	0	1	1	0	2	0	1	1	1	0	0	1	0	2	1	7
118	0	0	0	1	1	0	0	1	0	0	1	0	0	1	0	1	1	0	1	1	4
119	0	0	1	1	0	0	0	1	0	0	0	2	1	2	0	0	1	0	1	2	5
120	0	0	0	0	1	0	1	0	0	0	1	1	2	1	2	0	2	0	1	1	4
121	0	0	0	1	0	0	0	1	0	0	0	0	0	1	1	1	0	0	2	0	6
122	0	0	0	2	1	0	0	1	0	2	0	0	1	1	1	0	2	1	1	1	4
123	0	0	0	1	0	0	0	1	0	0	1	0	1	1	1	1	1	0	0	2	2
124	0	0	0	0	1	0	0	1	0	0	0	1	0	1	1	1	0	0	2	0	6
125	0	0	1	1	2	0	0	2	0	1	1	0	2	2	1	0	0	0	1	1	4
126	0	0	0	1	1	0	0	1	0	2	1	2	1	1	1	1	1	1	1	1	4
127	0	1	0	0	2	0	1	1	0	0	2	1	0	1	0	0	0	0	1	1	4
128	0	0	1	1	0	1	0	0	1	0	0	0	1	0	1	1	1	0	1	2	5
129	0	0	0	2	1	0	0	1	0	1	2	2	0	0	1	0	0	0	1	1	4
130	0	0	0	1	2	1	0	0	0	0	1	0	1	1	0	0	1	0	2	0	6
131	0	0	0	0	0	0	0	1	0	1	2	1	2	1	1	1	0	1	1	2	5
132	0	0	0	1	1	0	0	2	0	0	0	1	0	0	1	0	0	0	2	0	6
133	0	0	1	1	2	0	0	1	0	0	1	2	0	0	1	0	0	0	1	2	5
134	0	0	2	1	2	0	0	0	0	0	2	0	1	1	1	0	1	1	2	1	7
135	0	1	1	1	0	0	0	2	0	1	0	0	2	2	1	0	0	0	0	1	1
136	0	0	0	0	2	0	0	1	0	0	1	1	0	1	2	0	0	0	1	1	4
137	1	0	0	1	1	1	1	0	0	0	1	0	2	1	2	1	0	1	1	1	4
138	0	0	0	1	0	1	0	2	1	1	1	0	0	1	0	1	1	0	0	1	1
139	0	0	0	1	0	0	0	1	0	0	2	0	1	0	1	0	0	0	2	2	8
140	0	0	0	0	0	0	0	2	1	1	2	1	0	1	2	0	1	0	0	2	2
141	0	2	1	0	2	0	1	0	0	0	0	1	0	2	2	0	0	0	2	1	7
142	0	0	0	1	0	0	0	2	0	1	2	0	1	0	1	0	0	0	2	0	6
143	0	0	0	1	1	0	1	0	0	0	0	1	2	1	0	0	1	1	2	2	8
144	1	1	0	0	1	0	0	0	1	0	0	1	0	1	1	0	2	0	2	1	7
145	0	0	0	2	2	0	0	2	1	2	0	2	0	1	2	0	0	0	2	1	7
146	1	0	0	2	0	0	0	1	0	0	2	0	0	0	2	0	1	0	1	2	5
147	0	0	0	1	1	0	0	1	0	0	1	0	2	2	1	0	0	1	1	1	4
148	0	0	0	1	2	0	1	2	0	0	1	0	2	2	0	0	0	0	1	1	4
149	0	0	0	0	1	0	1	1	0	0	1	0	0	0	1	0	1	0	1	2	5
150	0	0	0	1	2	0	0	0	0	0	0	0	0	0	1	0	1	1	2	1	7
151	0	0	0	1	1	0	0	1	0	0	1	1	1	1	0	0	0	0	0	2	2
152	0	1	0	0	2	0	0	1	0	2	1	0	1	1	0	0	1	0	2	0	6
153	0	0	0	2	1	0	0	2	0	2	0	1	0	0	1	0	0	1	0	0	0
154	0	0	0	1	1	0	0	1	0	1	0	1	1	1	0	0	0	0	1	1	4
155	0	2	0	1	0	1	1	0	0	0	2	0	1	0	2	0	1	0	1	2	5
156	1	0	1	1	1	0	0	1	0	1	0	1	0	0	0	0	1	1	0	1	1
157	0	1	0	0	2	0	0	2	0	1	0	1	1	1	1	0	2	1	1	2	5
158	0	0	0	1	2	0	0	1	0	2	0	1	1	0	1	0	1	0	1	2	5
159	0	2	0	2	0	0	1	1	0	0	2	2	0	0	1	1	0	0	0	0	0
160	0	0	0	1	0	0	2	2	0	2	1	1	1	1	1	0	1	0	0	0	0
161	0	0	1	1	0	0	1	1	0	0	1	1	0	1	1	1	0	0	1	2	5
162	0	0	0	1	0	0	0	0	0	1	1	1	1	1	2	0	0	0	2	1	7
163	0	1	0	2	1	0	1	2	0	0	0	0	1	2	0	0	0	0	0	1	1
164	0	1	0	0	1	0	0	1	0	0	2	2	1	1	0	1	0	0	2	1	7
165	0	1	1	1	2	0	0	1	0	0	1	2	0	1	0	0	1	1	1	1	4
166	0	0	0	1	1	0	0	1	0	2	0	2	0	1	0	0	2	0	2	1	7
167	0	0	0	1	0	0	0	2	0	0	1	1	1	2	0	0	0	0	0	1	1
168	0	1	1	0	0	0	0	1	0	0	0	1	1	1	1	1	0	1	0	1	1
169	1	0	1	1	0	0	0	0	0	0	0	2	1	0	1	0	0	0	1	0	3
170	0	0	1	0	1	0	0	1	0	0	1	0	1	0	2	0	0	0	2	2	8
171	0	1	1	0	2	0	0	1	0	0	2	1	2	0	0	0	2	0	1	1	4
172	1	0	1	1	1	0	0	1	0	2	1	1	0	0	1	0	1	0	2	2	8
173	0	0	0	2	0	0	1	1	0	0	1	1	2	1	0	1	0	2	0	0	0
174	0	0	0	1	0	0	1	0	0	1	1	1	1	0	1	0	0	0	2	1	7
175	0	1	0	1	1	0	2	1	0	0	0	1	0	1	0	1	1	1	1	1	4
176	0	0	0	2	0	0	1	0	1	0	0	1	2	0	0	0	1	1	2	1	7
177	1	0	1	1	1	0	0	1	0	0	0	0	2	1	0	0	1	0	2	1	7
178	0	0	0	1	2	0	0	2	0	1	1	1	1	0	1	0	0	0	2	1	7
179	1	0	0	1	1	0	1	1	0	0	1	0	0	1	2	1	0	0	1	0	3
180	0	0	1	1	1	0	0	1	0	0	0	1	1	1	1	0	1	0	1	1	4
181	0	0	0	0	1	0	1	1	0	1	0	2	1	2	1	0	1	1	1	1	4
182	1	0	0	0	1	0	0	1	0	1	1	1	2	1	2	0	0	0	1	0	3
183	0	1	0	0	2	0	1	1	0	0	0	1	0	1	1	1	1	0	0	2	2
184	0	1	0	1	2	0	0	2	0	0	0	2	1	0	1	0	2	1	1	0	3
185	0	0	0	1	0	0	0	1	0	1	0	1	1	1	2	1	0	0	0	1	1
186	0	1	1	1	1	0	0	0	0	0	1	0	2	0	1	0	1	0	1	2	5
187	0	0	0	1	0	0	0	1	0	2	0	1	1	0	1	0	1	0	0	1	1
188	1	0	0	1	0	0	0	0	0	1	0	0	1	0	1	1	2	0	0	1	1
189	0	2	0	1	2	0	0	1	0	0	1	2	2	1	1	0	1	1	1	0	3
190	0	1	0	2	1	0	0	0	0	0	1	1	2	0	1	1	0	0	1	1	4
191	0	1	0	1	0	0	1	1	0	0	1	2	1	0	0	0	0	0	1	2	5
192	0	0	0	1	0	0	0	0	1	1	0	1	1	1	1	1	2	1	0	1	1
193	1	1	1	1	0	0	0	1	0	0	0	1	1	1	1	0	0	0	1	1	4
194	0	0	0	0	1	0	1	1	0	1	0	1	1	1	0	0	1	1	0	1	1
195	0	1	0	1	2	0	0	1	0	0	0	1	0	1	0	0	0	0	2	2	8
196	0	1	0	1	0	0	0	1	0	0	0	1	2	0	0	0	1	0	1	1	4
197	1	0	1	2	0	0	0	1	1	0	2	0	1	1	0	0	0	0	0	1	1
198	1	1	0	0	1	0	0	2	0	0	1	1	2	0	0	0	1	0	1	2	5
199	0	0	0	1	1	0	1	1	0	1	1	2	1	1	2	1	1	0	1	1	4
200	0	2	0	1	0	0	0	1	0	0	0	2	0	2	0	1	0	1	2	2	8
201	1	1	0	1	2	1	1	1	0	0	1	0	1	0	1	0	1	1	2	2	8
202	1	1	1	1	1	1	2	0	0	0	1	0	2	2	0	1	1	0	1	2	5
203	1	1	1	0	1	0	1	0	0	0	0	1	0	1	1	0	2	1	1	2	5
204	0	1	1	0	0	1	1	1	0	1	0	1	1	1	1	0	1	0	2	0	6
205	0	1	1	0	1	0	1	0	0	2	0	0	0	0	2	1	1	1	1	1	4
206	0	1	0	1	0	0	0	0	0	1	1	0	1	0	1	1	1	0	2	2	8
207	1	1	0	2	0	0	0	1	1	1	2	2	1	1	1	0	0	0	2	0	6
208	0	0	0	2	1	0	0	0	0	2	1	1	0	1	1	0	0	1	1	1	4
209	0	0	0	1	1	0	0	1	1	1	1	2	1	2	0	0	1	0	0	1	1
210	0	1	0	2	2	0	1	0	0	0	1	1	1	1	0	0	0	1	0	0	0
211	1	1	0	1	2	1	1	1	0	0	0	2	2	1	0	0	1	0	2	1	7
212	0	1	0	0	0	0	1	2	0	0	0	0	2	2	1	2	0	0	1	1	4
213	0	0	0	2	1	0	1	1	1	2	0	1	1	2	1	0	1	1	2	1	7
214	0	0	0	1	1	0	1	1	0	1	1	1	1	1	0	1	0	1	2	2	8
215	1	0	0	1	1	0	0	1	0	0	0	0	0	1	1	0	1	2	1	0	3
216	0	0	0	0	2	0	0	2	1	1	2	0	1	1	1	0	0	0	1	1	4
217	0	0	0	1	2	0	0	2	0	2	1	1	1	1	0	0	2	0	2	0	6
218	1	0	0	1	0	0	0	1	0	0	1	1	0	1	2	0	0	0	2	2	8
219	0	1	0	0	0	0	0	1	0	1	0	0	2	1	1	1	0	0	1	0	3
220	0	0	0	2	0	1	1	1	0	0	0	1	1	1	1	0	1	1	0	0	0
221	0	1	0	0	1	0	1	1	0	1	0	1	1	0	0	1	0	1	1	1	4
222	1	0	1	1	2	0	1	0	0	1	1	1	1	0	2	0	0	0	0	1	1
223	0	0	1	1	0	0	0	1	0	0	0	1	0	2	2	0	1	0	2	0	6
224	0	0	0	1	1	0	1	0	0	1	1	0	0	2	0	1	2	0	1	1	4
225	0	0	0	1	0	0	0	2	0	1	0	1	1	1	0	0	1	0	2	1	7
226	0	0	0	2	2	0	0	2	0	0	0	1	2	0	1	0	1	0	0	1	1
227	0	0	0	2	0	1	2	2	0	0	0	2	1	0	0	2	2	1	1	2	5
228	0	0	1	1	1	1	0	1	0	2	0	0	0	0	0	1	1	0	2	0	6
229	0	1	0	0	1	0	1	2	0	0	0	2	1	2	0	0	1	0	1	0	3
230	0	1	1	2	1	0	0	0	0	0	0	1	0	1	1	1	1	0	1	2	5
231	1	1	0	0	0	0	0	1	0	1	0	2	1	0	1	1	1	0	0	1	1
232	0	0	0	0	1	0	0	2	0	1	0	1	1	1	2	1	1	0	1	1	4
233	0	0	1	1	1	0	0	1	0	0	0	1	0	1	1	0	0	0	1	2	5
234	0	0	0	2	1	0	1	1	0	1	1	2	1	1	1	1	2	1	0	2	2
235	0	0	0	0	1	0	1	1	0	1	1	0	0	0	2	1	1	0	1	2	5
236	1	0	1	2	0	1	0	0	0	0	0	1	1	1	2	1	0	0	2	2	8
237	0	1	0	0	1	0	0	0	0	0	1	1	1	0	1	0	1	0	1	1	4
238	0	0	0	2	2	1	1	2	0	0	1	1	2	0	0	0	0	0	2	0	6
239	0	1	0	1	1	1	1	0	0	1	0	1	1	2	2	1	2	2	2	2	8
240	0	0	1	1	2	1	0	0	0	0	2	1	0	1	1	0	0	1	0	2	2
241	0	0	0	1	0	0	0	0	0	0	1	0	1	0	2	0	1	0	0	1	1
242	0	0	0	2	0	0	0	1	1	1	1	1	1	0	0	0	0	0	0	0	0
243	0	0	0	0	1	0	0	0	0	1	0	1	1	1	1	1	0	0	1	0	3
244	0	1	1	0	1	0	0	0	0	1	1	1	1	1	0	0	0	1	2	2	8
245	1	0	0	1	2	0	1	1	0	1	1	0	2	0	0	1	0	1	1	0	3
246	1	0	0	2	1	0	0	2	0	0	1	1	0	2	2	0	0	1	1	1	4
247	1	0	0	2	0	0	0	1	0	1	1	0	1	2	1	0	0	0	2	1	7
248	0	0	0	2	0	0	0	1	0	1	2	1	1	0	1	0	0	0	2	1	7
249	0	0	0	0	0	0	1	2	1	1	1	1	0	1	0	0	1	0	1	0	3
250	0	0	0	0	2	0	1	0	0	0	1	1	0	0	1	0	0	0	1	1	4
251	0	0	0	1	0	0	0	1	0	1	1	1	0	1	1	0	1	0	1	0	3
252	1	1	0	0	2	0	1	1	0	0	2	0	1	1	1	0	0	0	2	0	6
253	0	0	0	0	1	0	1	1	0	1	0	1	1	0	1	0	2	0	1	1	4
254	0	0	0	2	1	0	0	1	0	0	0	1	0	1	1	1	0	0	0	0	0
255	0	0	0	0	1	0	1	0	0	1	1	1	1	1	0	1	1	1	2	1	7
256	0	1	1	2	0	1	1	1	1	1	1	1	0	1	0	1	1	0	1	1	4
257	0	1	0	0	1	1	1	2	1	1	1	1	1	0	1	0	1	0	2	1	7
258	0	0	0	2	1	0	0	1	0	1	1	0	0	2	0	0	2	0	1	1	4
259	0	0	1	1	2	0	1	1	0	1	1	0	0	1	0	1	1	0	1	2	5
260	1	0	0	0	0	1	0	2	0	0	1	1	1	0	1	0	1	1	2	1	7
261	0	1	0	1	2	0	0	2	0	2	0	1	0	1	1	0	0	1	2	1	7
262	0	0	0	1	1	0	0	1	1	1	0	1	1	2	2	0	2	0	1	2	5
263	0	1	0	1	1	1	0	0	0	1	2	1	2	1	0	0	2	1	1	1	4
264	1	0	0	1	1	0	1	2	1	0	0	1	0	1	1	0	1	0	1	0	3
265	1	1	1	2	2	0	0	1	0	1	1	1	1	0	0	1	0	1	1	0	3
266	1	0	0	1	0	0	1	2	0	1	1	1	0	0	1	1	1	0	2	2	8
267	2	0	0	2	0	0	0	2	0	0	1	1	0	1	2	1	0	0	1	2	5
268	2	1	0	1	1	0	1	2	0	0	1	1	1	1	0	0	1	0	2	2	8
269	0	1	0	1	0	1	1	1	0	2	1	2	1	2	2	0	1	1	1	1	4
270	0	1	1	2	2	0	0	2	0	2	1	1	0	0	0	0	1	1	1	1	4
271	0	1	1	2	0	0	1	2	0	0	0	1	1	1	2	1	0	1	2	1	7
272	0	0	0	1	2	0	0	1	0	1	0	2	2	0	0	1	0	0	2	1	7
273	0	0	0	0	1	0	2	2	0	0	1	2	1	1	1	1	0	0	2	0	6
274	0	1	0	0	0	0	1	0	1	1	0	0	2	1	1	0	0	0	2	1	7
275	0	0	0	0	2	0	0	2	0	0	0	2	1	0	2	0	0	1	2	0	6
276	1	0	0	1	1	0	0	0	0	2	2	1	0	2	1	1	0	0	1	1	4
277	0	1	0	1	0	0	0	0	1	0	0	1	0	1	1	1	0	1	0	1	1
278	0	1	0	0	2	0	1	1	0	0	0	1	0	1	0	1	1	0	1	2	5
279	0	2	0	0	1	0	0	2	0	0	0	1	0	1	2	0	0	0	1	1	4
280	1	1	0	2	1	0	1	2	0	0	1	0	1	2	2	1	1	0	1	1	4
281	0	0	0	0	0	0	0	1	0	1	1	1	1	1	0	0	1	1	2	1	7
282	0	0	0	2	0	0	0	2	0	0	0	0	2	1	1	0	1	0	0	2	2
283	0	0	0	1	1	0	0	0	0	1	0	2	0	0	0	0	1	1	1	2	5
284	0	0	0	0	1	0	0	1	0	0	0	1	1	2	0	0	0	1	0	1	1
285	1	1	0	2	2	0	0	1	0	0	0	1	1	1	1	0	0	0	2	1	7
286	0	1	0	2	0	0	0	1	0	1	1	2	1	0	1	0	1	1	0	1	1
287	0	0	0	0	2	0	2	1	0	0	1	2	1	1	1	0	0	1	1	2	5
288	0	0	0	0	1	0	0	2	0	0	1	0	0	1	2	0	2	0	2	2	8
289	0	1	0	1	1	0	1	1	0	1	0	2	0	1	0	0	1	1	1	1	4
290	0	1	0	1	1	0	0	2	1	1	0	1	2	2	1	1	1	1	1	1	4
291	0	1	0	0	2	0	0	1	0	0	1	1	0	2	1	1	0	0	1	2	5
292	0	0	0	2	1	0	0	1	0	0	2	1	0	0	1	0	2	0	1	1	4
293	1	1	0	1	1	0	0	1	0	0	1	0	0	1	1	0	1	0	1	0	3
294	0	0	0	0	0	0	1	0	1	1	2	1	1	0	0	1	1	1	2	1	7
295	1	0	0	1	0	0	0	0	0	0	1	2	1	1	1	0	1	0	1	1	4
296	0	0	1	2	0	0	0	1	0	1	2	1	0	0	2	0	1	0	1	2	5
297	0	1	0	2	2	0	0	1	0	0	1	1	0	1	1	0	0	0	2	1	7
298	0	0	0	2	2	0	0	1	0	0	0	1	1	1	0	1	0	1	2	0	6
299	0	0	0	1	0	0	0	1	1	0	1	2	2	0	0	0	2	0	0	2	2
300	0	2	0	1	1	0	0	1	0	0	1	1	2	1	0	0	0	0	1	2	5
301	0	1	0	2	0	0	0	1	1	0	1	1	1	1	1	2	0	0	1	1	4
302	1	1	0	1	2	0	1	1	1	0	1	2	1	1	1	0	2	1	1	1	4
303	0	1	1	0	0	0	0	1	0	0	1	2	0	0	0	0	1	0	0	1	1
304	0	1	0	2	1	0	0	1	0	0	0	1	0	1	1	0	1	2	1	0	3
305	0	0	0	0	1	0	0	1	0	0	1	1	1	1	1	1	1	0	0	0	0
306	0	0	1	0	2	0	0	1	0	0	0	1	1	1	0	0	1	0	1	2	5
307	0	0	0	1	1	0	0	1	0	1	2	2	2	1	1	0	1	0	1	2	5
308	1	0	0	1	0	0	1	1	0	1	1	0	2	2	2	1	0	0	1	1	4
309	0	0	0	1	0	0	0	2	0	0	0	1	1	1	2	0	1	1	1	0	3
310	0	1	0	1	1	0	0	1	0	1	1	0	0	2	1	0	1	0	1	0	3
311	0	1	0	1	1	0	0	1	0	0	0	2	0	1	0	1	1	0	2	2	8
312	0	0	0	1	1	0	0	2	0	1	0	1	0	2	0	0	0	1	0	1	1
313	0	0	1	1	1	0	0	0	0	0	1	1	1	1	1	0	1	0	1	1	4
314	0	0	0	0	1	0	0	1	0	2	1	1	0	1	0	0	0	0	1	0	3
315	0	1	0	2	1	0	1	2	0	0	1	0	1	1	1	1	1	0	2	1	7
316	0	0	0	1	0	0	0	2	0	0	1	0	1	1	2	0	0	1	0	0	0
317	1	1	0	1	1	0	0	2	0	2	1	1	2	2	1	1	1	0	2	0	6
318	0	0	0	2	1	0	0	2	0	0	1	1	0	1	2	1	1	0	1	1	4
319	0	1	0	2	1	1	1	0	0	0	1	0	0	0	2	0	1	0	1	0	3
320	0	0	0	1	1	0	0	0	0	0	1	0	2	2	0	0	1	0	1	2	5
321	1	0	0	1	2	0	0	1	0	1	1	2	0	1	0	0	0	1	1	2	5
322	0	1	1	1	0	0	1	0	0	2	0	1	2	0	0	1	0	1	0	2	2
323	0	1	0	1	0	0	0	2	0	0	1	2	1	1	1	0	0	1	1	0	3
324	0	2	0	0	0	1	0	2	0	1	2	2	0	0	0	0	1	0	1	1	4
325	0	0	0	1	1	0	1	1	0	0	0	0	1	1	1	0	0	0	1	2	5
326	0	0	1	0	1	0	0	2	0	0	1	1	1	1	1	0	2	0	1	1	4
327	2	0	1	1	1	0	0	1	0	2	0	1	1	1	1	0	2	1	1	2	5
328	1	0	0	2	1	0	1	0	0	1	2	1	1	0	1	0	2	0	0	0	0
329	0	0	0	1	0	0	0	2	1	0	0	1	2	1	1	0	0	1	1	1	4
330	1	0	0	0	0	1	1	2	0	2	1	0	2	1	1	1	0	0	0	1	1
331	0	2	1	1	2	0	0	0	0	0	0	1	1	1	1	0	1	0	1	1	4
332	0	0	0	1	2	0	1	2	1	0	1	0	2	0	0	0	2	0	0	1	1
333	0	1	0	1	1	0	0	1	0	0	1	0	1	1	0	1	1	0	0	0	0
334	0	1	0	1	1	0	0	1	0	0	1	1	0	1	2	1	0	0	1	2	5
335	1	0	0	1	1	0	0	1	0	1	2	0	0	0	2	0	0	1	1	1	4
336	0	0	0	1	1	0	0	2	0	2	1	1	1	1	0	0	0	0	0	1	1
337	0	1	0	0	1	0	1	0	1	0	0	1	1	1	1	0	0	0	0	0	0
338	0	0	0	1	2	0	0	0	0	0	0	0	1	2	0	0	1	1	1	1	4
339	0	0	1	1	0	0	0	1	0	0	1	1	1	2	0	0	0	2	2	0	6
340	0	0	0	0	1	0	0	0	0	0	1	2	1	1	0	1	0	1	0	2	2
341	0	0	0	1	2	1	1	2	0	2	1	1	1	0	2	1	1	0	0	2	2
342	1	0	0	2	1	0	0	1	0	1	1	0	0	2	0	0	0	0	2	1	7
343	0	1	0	2	1	0	0	1	0	1	1	2	1	1	1	0	0	1	2	1	7
344	0	1	0	0	1	0	0	0	0	0	0	1	0	1	0	0	1	0	0	0	0
345	1	0	0	2	0	0	0	1	0	0	1	1	1	1	1	1	0	0	1	1	4
346	0	1	0	0	0	1	1	0	0	1	0	0	1	1	0	1	0	0	2	1	7
347	0	0	0	1	1	1	1	0	0	2	1	1	1	1	2	0	1	0	1	0	3
348	0	1	0	0	1	0	0	1	1	1	0	2	1	1	0	1	1	0	2	1	7
349	0	0	0	2	2	0	0	1	0	0	1	1	1	0	0	0	0	0	2	0	6
350	0	0	0	1	2	0	1	1	0	1	2	0	1	0	0	2	1	0	1	1	4
351	1	0	1	1	0	0	1	0	0	2	2	1	1	0	1	0	1	0	0	0	0
352	1	0	1	0	1	0	0	1	0	0	0	0	2	1	1	0	1	0	1	1	4
353	1	0	1	1	1	0	1	0	0	1	1	1	0	1	1	0	0	0	1	1	4
354	0	1	0	0	0	0	0	1	0	2	1	1	1	0	1	0	0	0	1	2	5
355	0	0	0	1	0	0	0	0	0	1	1	1	1	1	0	1	2	1	1	0	3
356	0	0	0	0	2	0	0	2	1	0	0	1	1	1	2	0	1	0	2	2	8
357	0	1	0	1	0	0	0	0	0	1	0	2	1	1	0	0	1	0	1	0	3
358	0	1	0	2	2	0	1	1	0	1	0	0	0	1	1	0	0	0	1	1	4
359	0	1	0	2	0	0	1	0	0	1	0	0	0	2	1	0	0	0	0	2	2
360	1	1	0	2	1	0	0	1	0	0	0	2	1	1	0	1	1	0	0	2	2
361	1	0	0	0	2	0	1	2	0	0	1	2	2	2	2	0	1	0	2	1	7
362	0	0	1	1	0	0	0	1	0	0	1	2	1	0	0	1	1	0	1	1	4
363	0	0	0	0	1	0	0	1	0	1	0	0	1	0	0	1	1	0	2	2	8
364	1	1	1	1	1	0	0	1	1	0	0	1	0	0	2	0	1	0	0	1	1
365	0	0	0	1	1	0	1	1	0	0	0	1	1	1	0	0	1	0	1	1	4
366	0	1	0	1	2	0	1	1	0	1	1	0	1	1	1	0	0	0	1	0	3
367	0	0	0	0	1	0	1	1	0	0	1	0	0	2	0	0	2	1	1	2	5
368	0	0	0	1	2	0	0	1	1	2	0	1	1	2	0	0	2	1	0	1	1
369	0	1	0	2	1	1	0	1	0	0	2	1	1	1	0	1	1	1	1	0	3
370	0	0	1	1	1	0	0	1	0	1	1	0	0	1	0	0	2	0	1	2	5
371	0	0	0	1	0	1	0	1	0	0	1	1	1	1	2	1	0	0	0	1	1
372	0	1	0	1	2	0	0	1	0	1	1	1	2	0	1	0	0	0	2	2	8
373	1	0	1	1	1	0	0	0	0	2	1	1	1	1	0	0	0	0	2	2	8
374	0	0	0	0	1	0	0	2	0	0	0	0	2	1	0	0	0	0	0	0	0
375	0	0	1	1	0	0	1	1	0	0	0	0	2	1	1	1	0	2	1	2	5
376	0	0	0	2	1	0	0	0	0	1	1	0	1	1	0	0	0	1	1	0	3
377	0	0	1	1	1	0	0	1	0	1	2	0	0	0	0	0	0	0	0	0	0
378	0	0	0	1	1	0	0	1	0	1	0	1	2	1	1	0	2	0	2	1	7
379	0	0	1	2	0	0	0	2	0	2	1	0	0	1	0	0	0	0	1	0	3
380	0	0	0	2	0	0	1	2	0	2	2	1	2	0	0	1	1	2	0	1	1
381	1	0	0	2	0	1	0	1	0	0	2	0	0	0	2	0	0	1	1	0	3
382	0	0	1	0	0	0	0	2	0	0	1	1	1	0	1	0	0	0	1	1	4
383	0	1	1	2	0	1	1	2	0	0	1	1	1	1	0	0	0	0	0	1	1
384	1	0	0	1	1	0	0	0	0	1	0	2	0	1	1	0	2	1	2	1	7
385	1	1	0	0	0	0	1	1	0	1	1	1	0	0	0	0	0	1	1	1	4
386	1	0	0	1	1	0	0	0	0	0	0	2	1	2	1	1	0	1	0	2	2
387	1	0	1	0	2	1	0	1	0	0	0	2	1	1	1	0	0	0	1	2	5
388	0	0	1	1	1	0	0	1	0	0	0	0	0	1	1	0	1	0	2	0	6
389	0	0	1	1	1	0	0	1	0	0	0	1	2	1	0	0	0	0	1	1	4
390	0	0	1	1	1	0	1	2	2	1	0	2	1	2	1	0	0	0	2	0	6
391	1	1	0	1	1	0	0	1	0	2	0	2	1	2	1	0	0	0	0	1	1
392	0	1	1	0	1	0	0	1	0	1	0	1	1	2	1	0	1	0	1	0	3
393	0	0	0	1	0	0	0	2	0	1	1	0	0	1	1	0	1	0	1	1	4
394	0	1	0	2	1	1	0	0	0	1	0	0	1	1	2	1	0	0	1	1	4
395	0	0	0	1	1	0	0	1	0	0	1	0	0	1	2	0	0	0	1	1	4
396	0	1	1	1	1	0	1	2	0	1	2	2	0	1	0	1	1	0	0	1	1
397	0	0	0	0	2	0	0	2	0	1	1	0	0	1	2	0	0	0	0	0	0
398	0	1	1	1	1	0	0	1	1	1	0	1	1	1	0	0	1	1	1	1	4
399	0	0	2	1	0	0	0	1	0	0	1	1	1	0	2	1	1	0	2	1	7
400	0	0	0	1	0	1	0	2	0	0	1	2	1	0	1	0	0	0	1	2	5
401	0	0	0	2	1	0	0	1	0	1	1	0	2	1	2	0	1	0	1	1	4
402	0	1	1	0	1	0	1	0	0	0	2	1	1	1	1	0	1	1	2	1	7
403	0	0	0	1	1	1	0	1	0	0	1	1	0	1	0	0	1	0	1	1	4
404	1	0	0	2	1	1	2	1	0	2	0	1	1	2	1	0	0	0	0	2	2
405	0	1	0	2	0	0	1	0	0	0	0	1	2	0	1	1	1	0	1	1	4
406	0	0	0	1	1	0	1	2	0	0	0	1	0	0	1	0	1	0	1	0	3
407	1	0	0	2	1	1	0	2	0	0	0	0	2	0	0	0	0	0	0	2	2
408	0	0	1	0	0	0	1	1	0	1	1	1	0	0	1	0	0	0	1	2	5
409	0	1	0	1	1	0	0	2	0	0	0	0	1	2	0	0	0	1	1	2	5
410	1	0	1	1	2	1	0	1	0	2	1	0	1	1	0	0	1	0	1	0	3
411	0	0	0	1	0	0	0	1	0	2	1	0	0	0	1	0	0	1	1	1	4
412	0	0	1	2	2	0	0	0	0	0	0	1	1	0	1	0	1	0	1	1	4
413	0	0	1	2	1	0	0	1	0	2	1	2	0	2	1	0	1	0	1	2	5
414	0	0	1	2	1	1	0	1	0	1	0	0	1	1	2	0	1	0	1	1	4
415	0	0	0	0	1	0	0	0	1	0	0	1	1	2	0	0	0	0	0	1	1
416	0	0	0	1	2	0	0	1	0	2	0	1	1	2	1	0	1	0	2	0	6
417	0	1	1	1	2	0	1	0	0	1	1	1	2	1	1	0	0	0	0	1	1
418	0	1	1	1	0	0	0	1	0	1	0	0	0	0	1	0	0	0	1	2	5
419	0	2	1	0	1	0	1	1	0	0	0	0	0	2	1	0	2	0	0	0	0
420	1	0	0	1	1	0	0	0	0	0	0	0	1	0	1	0	1	1	1	2	5
421	0	1	0	0	0	0	0	0	0	0	1	1	1	1	2	0	1	0	2	1	7
422	0	1	0	2	1	1	1	1	0	0	2	1	1	1	0	0	1	0	2	1	7
423	1	0	0	0	1	0	0	2	0	2	0	0	1	1	0	0	2	0	1	2	5
424	1	0	1	1	0	1	1	0	0	0	0	0	2	1	1	1	2	1	0	0	0
425	0	2	0	0	0	0	0	2	0	1	0	1	1	0	2	0	1	0	1	1	4
426	0	0	1	1	0	0	0	0	0	0	0	1	0	1	0	0	1	1	1	1	4
427	0	0	0	1	0	0	0	1	1	1	1	2	0	1	1	1	2	0	2	1	7
428	0	0	0	1	1	0	1	1	0	1	1	0	2	2	1	0	1	0	2	2	8
429	1	0	1	0	0	0	1	2	0	0	1	0	0	1	0	0	0	0	2	1	7
430	1	0	0	1	1	0	1	1	1	1	0	1	2	2	1	0	0	0	0	1	1
431	0	0	1	1	1	1	0	1	1	2	0	1	1	0	1	0	2	1	0	2	2
432	0	1	0	1	0	0	0	1	0	0	0	1	1	2	1	1	1	1	1	2	5
433	0	1	0	1	2	0	1	2	0	0	1	2	1	1	1	0	1	0	1	2	5
434	0	1	0	1	0	1	0	1	0	1	0	1	1	0	0	1	0	0	0	0	0
435	0	0	0	0	1	0	0	1	1	0	0	2	0	0	0	0	1	1	0	0	0
436	1	0	0	0	0	0	0	2	0	0	1	0	1	1	0	0	1	0	2	1	7
437	0	1	0	1	2	0	0	1	0	0	0	0	0	0	0	0	1	0	0	0	0
438	1	1	0	1	0	0	0	1	0	0	0	1	0	1	1	2	1	0	0	0	0
439	0	0	0	1	1	0	0	0	0	1	0	1	1	0	0	0	2	1	1	2	5
440	0	0	0	1	0	0	1	1	0	0	0	2	2	0	0	0	0	0	1	1	4
441	1	0	0	1	2	0	0	2	0	0	1	0	1	1	0	0	1	0	0	0	0
442	0	0	0	0	0	0	0	1	1	1	2	0	0	1	0	0	0	0	1	1	4
443	0	1	0	0	0	0	0	2	0	0	1	1	1	1	0	0	0	0	2	1	7
444	0	1	0	1	1	0	1	2	0	0	0	1	1	2	0	0	1	0	2	0	6
445	0	1	0	1	0	1	1	2	0	1	1	2	0	0	2	1	1	0	2	1	7
446	0	0	0	1	1	0	0	1	0	1	0	0	0	0	0	0	1	0	2	1	7
447	1	1	1	0	2	0	1	0	0	2	1	0	1	2	1	0	1	1	1	0	3
448	1	0	0	1	0	0	1	0	0	1	0	0	1	0	1	0	0	0	2	1	7
449	0	0	0	1	1	0	0	1	1	2	1	1	0	1	2	0	1	1	0	0	0
450	0	0	0	2	1	0	0	1	0	1	0	0	1	1	2	1	2	0	1	0	3
451	0	0	0	2	1	1	1	2	0	1	1	1	2	1	1	0	1	0	1	2	5
452	1	0	0	0	1	1	0	1	0	0	0	1	1	1	1	0	0	0	0	1	1
453	0	1	1	0	1	0	0	0	0	1	1	1	1	0	0	0	0	0	1	1	4
454	0	2	0	0	1	0	0	1	0	1	0	0	1	1	0	1	0	1	1	1	4
455	0	0	1	1	0	0	1	0	1	1	0	1	1	0	0	0	0	1	0	0	0
456	1	0	1	2	1	0	0	1	0	0	2	0	2	0	2	0	2	1	1	1	4
457	0	1	0	1	0	0	0	1	0	0	2	2	1	2	1	0	0	1	1	1	4
458	1	1	1	1	1	1	1	2	0	1	2	1	1	1	1	1	0	0	2	2	8
459	2	0	0	1	2	0	0	2	0	0	0	1	0	1	0	0	1	0	2	0	6
460	0	0	1	1	2	0	0	1	0	2	0	1	0	1	1	0	0	0	2	2	8
461	0	0	0	1	1	0	0	0	0	1	2	1	0	1	1	1	2	1	1	1	4
462	0	0	0	1	2	0	0	2	0	1	2	1	1	2	2	1	1	0	1	0	3
463	0	1	0	1	1	0	0	1	0	2	0	2	1	1	1	0	1	1	2	2	8
464	0	0	0	0	2	0	0	1	0	0	1	2	1	1	2	0	2	1	0	0	0
465	0	0	1	1	0	0	0	1	0	2	0	1	1	1	0	2	1	1	1	1	4
466	0	0	0	0	0	1	1	1	0	1	1	0	2	1	2	0	1	0	0	1	1
467	0	0	0	0	2	0	0	0	0	0	1	1	1	1	0	1	1	0	2	1	7
468	0	0	0	1	0	0	1	1	0	1	1	1	2	0	1	1	2	0	1	1	4
469	2	1	0	0	0	0	2	2	1	0	1	2	0	1	1	0	1	0	1	1	4
470	0	1	0	0	1	0	0	1	0	1	2	0	0	2	1	0	1	0	1	1	4
471	0	0	1	1	1	0	0	1	0	0	0	1	0	2	0	1	1	2	0	2	2
472	0	1	1	1	1	0	1	0	0	0	1	1	0	1	0	1	1	0	1	0	3
473	0	1	0	0	2	0	0	1	0	0	1	0	1	2	1	0	1	0	0	1	1
474	0	1	0	1	0	0	0	2	0	0	2	2	0	2	0	0	1	1	1	0	3
475	0	0	0	1	2	0	0	1	0	0	0	1	0	0	1	0	0	0	0	1	1
476	0	1	1	1	2	0	0	1	0	1	0	1	0	2	1	0	2	0	1	2	5
477	0	0	0	2	1	0	0	1	0	0	0	1	1	1	1	0	0	1	0	1	1
478	0	1	0	1	1	0	0	1	0	1	1	0	2	2	1	0	1	0	1	1	4
479	0	0	0	1	2	0	1	2	0	1	0	1	1	1	1	0	1	1	1	2	5
480	1	1	0	1	0	0	1	1	0	1	0	0	1	1	1	1	1	0	0	2	2
481	0	0	1	1	1	1	0	0	1	0	1	1	1	0	1	0	0	0	1	1	4
482	0	0	0	1	1	0	1	2	0	1	1	0	0	2	0	0	1	1	0	1	1
483	0	1	0	1	1	0	0	1	0	1	1	2	0	0	1	0	1	1	1	0	3
484	0	1	0	1	2	1	1	2	0	1	0	1	2	2	1	1	0	1	1	1	4
485	0	0	0	1	2	0	0	1	0	0	1	2	1	0	0	0	0	1	1	1	4
486	0	1	0	0	0	0	1	1	0	1	0	2	0	0	0	0	1	0	1	1	4
487	0	0	0	1	0	0	0	0	0	1	1	0	0	2	0	0	0	0	0	0	0
488	0	1	0	1	0	0	1	1	0	1	1	0	0	1	1	0	1	0	2	0	6
489	0	0	0	0	1	0	0	1	0	2	1	1	0	0	2	0	0	0	2	1	7
490	0	1	1	1	1	0	0	2	0	1	0	0	2	2	1	0	0	0	1	2	5
491	1	0	0	1	2	0	0	1	0	0	1	0	1	1	2	0	0	0	1	2	5
492	0	0	0	1	0	0	1	1	1	1	1	1	1	1	2	0	0	0	0	2	2
493	0	1	1	0	1	0	0	2	0	0	1	1	2	0	1	0	1	0	2	1	7
494	1	1	0	1	1	0	0	0	0	2	1	0	1	1	1	0	1	1	1	1	4
495	0	0	0	0	0	0	1	1	0	1	0	2	1	2	0	0	1	0	2	1	7
496	1	0	0	0	1	0	1	1	0	0	2	0	1	0	1	0	1	0	1	2	5
497	0	0	0	1	1	0	0	0	0	0	0	0	0	1	0	0	0	0	0	0	0
498	0	0	0	0	1	0	1	2	1	0	0	1	1	1	0	0	2	0	1	0	3
499	0	0	0	2	1	0	0	1	0	1	0	1	1	1	2	0	0	1	1	1	4
500	1	1	0	1	1	0	0	1	0	0	0	1	0	2	1	0	2	1	1	1	4
501	0	2	1	1	1	0	0	1	0	0	0	2	2	1	0	0	1	1	1	0	3
502	0	1	0	0	2	1	0	1	0	1	1	2	1	1	0	1	1	1	1	2	5
503	0	0	0	2	1	1	0	0	0	1	1	1	0	0	1	0	0	2	1	0	3
504	0	0	0	2	1	0	0	1	0	0	2	1	0	1	1	1	1	0	0	0	0
505	1	0	0	1	0	0	0	1	0	1	1	0	1	2	1	1	0	1	1	1	4
506	0	0	0	2	1	0	0	1	0	1	0	1	0	1	1	0	0	0	1	2	5
507	0	0	0	1	0	0	0	0	0	1	1	0	1	1	1	2	0	1	2	0	6
508	0	0	0	1	1	0	1	1	0	1	0	1	0	0	0	1	1	0	2	1	7
509	1	0	0	2	1	0	0	0	1	1	1	0	1	0	0	0	0	0	2	2	8
510	0	1	0	1	0	0	0	1	0	0	1	1	2	1	1	1	1	1	1	1	4
511	0	0	0	2	0	1	0	2	0	1	0	0	1	1	1	0	0	1	0	0	0
512	0	0	0	1	1	0	0	0	0	1	2	1	1	1	1	0	0	0	1	1	4
513	0	1	0	0	0	1	0	1	0	0	0	1	1	2	1	1	1	0	2	1	7
514	0	0	0	1	1	0	1	1	0	1	2	0	1	0	1	0	0	1	1	2	5
515	0	0	0	1	1	0	0	0	0	1	0	0	1	1	2	0	1	1	1	1	4
516	1	0	0	0	1	0	0	0	0	0	0	1	0	1	1	0	1	0	1	2	5
517	0	1	0	0	1	0	0	1	0	1	0	1	1	0	2	0	0	0	1	0	3
518	0	0	1	0	0	0	0	1	0	1	2	1	2	2	1	1	2	0	1	2	5
519	1	1	0	1	1	0	1	1	0	1	1	1	0	0	1	0	1	0	0	1	1
520	0	2	0	1	1	0	0	0	1	0	1	1	1	2	0	1	1	1	0	0	0
521	1	1	0	1	0	0	1	1	0	1	1	0	1	1	1	0	0	0	1	2	5
522	1	0	2	1	1	0	0	1	0	0	1	0	1	1	0	0	0	0	2	1	7
523	0	1	0	1	0	0	1	1	0	2	1	0	1	1	1	1	2	0	1	0	3
524	0	0	0	1	1	0	0	1	0	0	0	1	2	0	1	0	0	0	2	2	8
525	0	0	0	0	2	1	0	2	1	1	1	1	1	0	1	1	0	0	1	2	5
526	0	0	0	0	2	0	1	1	0	0	0	1	2	1	1	0	2	1	0	1	1
527	0	0	0	1	0	0	0	1	1	1	0	1	2	1	0	0	1	0	1	0	3
528	0	1	0	1	2	0	0	2	0	1	2	1	0	1	2	0	0	0	1	0	3
529	0	0	0	0	2	0	0	1	0	0	1	1	0	2	2	0	0	1	1	2	5
530	1	2	0	2	0	0	1	2	1	0	1	2	0	1	1	0	1	1	0	1	1
531	0	0	0	1	0	0	0	1	0	1	2	0	0	1	1	0	0	1	0	0	0
532	0	0	0	1	0	0	0	0	0	1	0	0	0	0	1	0	2	0	2	0	6
533	0	0	0	2	0	0	0	2	0	1	2	1	0	1	1	1	1	1	0	1	1
534	0	0	0	1	0	0	0	2	1	1	0	0	0	0	2	0	0	1	2	2	8
535	1	0	0	2	1	0	0	1	0	0	1	2	1	0	0	1	0	0	1	2	5
536	0	1	0	0	1	0	0	1	1	1	0	0	0	1	1	2	1	0	1	1	4
537	0	0	0	1	1	0	0	1	0	1	0	1	1	0	1	1	1	0	1	2	5
538	0	0	0	2	1	0	1	1	0	2	0	1	1	2	0	0	0	0	0	1	1
539	0	1	0	0	1	0	1	1	0	0	1	2	1	2	1	0	0	0	2	1	7
540	0	0	0	1	1	0	1	0	0	0	0	1	0	0	1	0	1	0	1	1	4
541	0	0	0	1	0	0	1	1	0	1	1	1	1	1	1	2	0	0	2	0	6
542	0	0	0	2	1	0	0	2	0	0	0	1	0	1	1	0	0	1	0	1	1
543	1	0	0	1	0	0	0	1	0	1	0	1	1	0	1	0	2	0	1	1	4
544	1	0	0	1	1	0	1	2	0	0	0	1	1	1	0	0	1	0	1	1	4
545	0	0	0	1	1	1	1	2	1	1	2	2	1	1	2	0	0	0	1	2	5
546	0	0	0	1	2	0	1	1	0	1	0	1	2	2	0	0	1	1	1	2	5
547	1	0	1	0	1	0	0	1	1	1	0	2	0	1	1	0	1	0	0	1	1
548	1	0	0	1	1	1	0	1	1	1	2	2	1	0	0	1	0	0	0	0	0
549	0	1	0	2	0	0	0	2	0	1	1	2	0	1	0	0	0	0	0	1	1
550	0	0	0	1	1	0	1	1	0	1	0	0	0	1	1	1	1	2	0	1	1
551	0	1	0	1	2	0	0	0	0	1	0	1	1	1	2	2	0	0	1	0	3
552	0	0	0	1	1	0	0	0	0	1	1	2	1	1	0	1	1	0	0	1	1
553	1	0	0	0	1	0	0	0	0	0	1	1	0	0	0	0	0	0	1	2	5
554	0	0	1	1	1	0	0	1	0	0	1	0	1	0	1	0	1	0	1	0	3
555	0	0	0	2	0	0	0	1	0	1	1	1	1	1	1	0	0	0	2	1	7
556	0	0	0	0	0	0	0	1	0	0	1	1	0	2	1	1	0	0	0	0	0
557	0	0	1	2	1	0	1	2	0	0	0	0	0	2	1	0	1	0	1	0	3
558	0	0	0	1	0	0	0	1	0	0	0	1	0	1	1	0	1	0	0	1	1
559	0	0	0	1	1	0	0	0	0	0	0	0	1	0	0	0	0	0	1	1	4
560	0	1	0	1	1	0	0	1	0	1	0	2	0	2	1	1	1	0	1	1	4
561	0	0	0	1	0	0	0	0	0	1	0	0	0	2	0	0	1	0	1	2	5
562	1	0	0	2	1	0	1	1	0	1	2	1	1	0	1	0	0	1	0	0	0
563	0	0	0	0	1	0	0	1	0	0	0	0	0	0	1	0	2	0	2	1	7
564	0	0	1	1	2	0	0	2	0	0	0	0	0	2	1	0	0	0	0	1	1
565	0	0	0	0	1	0	0	0	0	0	0	1	1	1	0	0	2	0	2	2	8
566	0	1	0	0	0	0	0	0	0	0	1	1	0	1	1	0	1	0	2	2	8
567	0	0	0	0	1	0	0	1	0	1	1	0	0	1	2	0	0	0	2	1	7
568	0	1	1	0	0	0	0	1	1	0	0	2	0	1	0	0	0	0	1	1	4
569	0	0	0	2	0	1	1	1	0	1	1	2	0	1	1	0	0	0	1	1	4
570	0	0	0	1	1	0	1	0	0	1	0	2	0	2	1	1	1	1	0	2	2
571	0	1	0	0	1	0	1	1	0	0	2	2	0	0	1	0	1	0	0	0	0
572	1	0	1	0	0	0	1	2	1	1	0	1	1	1	0	0	0	1	2	1	7
573	0	0	1	1	0	0	0	0	0	2	0	0	0	0	1	0	0	1	1	1	4
574	0	0	1	2	2	0	1	1	0	1	0	0	2	0	2	1	0	1	1	0	3
575	0	1	0	1	1	0	0	1	0	0	0	1	1	1	1	0	1	0	1	1	4
576	0	0	1	1	2	0	0	1	0	0	1	2	0	1	1	0	1	0	1	1	4
577	1	1	0	1	2	0	0	1	0	1	0	2	0	0	0	0	1	1	0	2	2
578	0	0	0	2	0	0	0	1	1	0	1	2	0	2	1	0	1	0	0	2	2
579	0	0	0	0	1	0	0	1	0	1	1	1	2	0	1	2	0	0	0	2	2
580	1	0	0	0	1	0	1	1	0	1	2	1	1	1	0	0	0	0	1	1	4
581	1	1	0	1	0	0	1	1	0	1	1	2	1	1	1	1	0	0	2	0	6
582	0	0	0	1	0	0	0	1	1	0	1	1	1	1	0	1	0	0	0	0	0
583	0	0	0	1	1	0	0	2	0	1	0	1	1	0	1	1	1	1	0	1	1
584	1	1	0	0	0	0	0	0	1	1	1	1	2	0	1	0	1	0	1	2	5
585	0	0	0	1	1	0	1	1	1	1	0	0	1	1	1	0	1	1	2	1	7
586	0	1	0	1	0	1	0	0	0	1	0	0	0	0	0	0	1	0	1	0	3
587	1	0	1	1	0	0	1	1	0	1	1	2	1	0	0	0	2	0	1	1	4
588	0	1	1	1	1	0	1	2	0	0	0	1	1	1	0	0	0	0	2	1	7
589	0	1	0	1	2	0	0	0	0	1	0	2	1	0	1	1	1	0	1	2	5
590	0	2	0	1	2	1	0	1	0	1	0	0	2	0	0	1	1	1	1	0	3
591	1	0	0	0	1	0	0	0	0	1	1	0	1	1	2	0	0	0	0	1	1
592	0	1	0	1	1	0	0	2	0	0	1	2	1	1	1	0	2	0	1	1	4
593	1	0	0	0	1	0	0	2	0	1	1	0	2	0	1	0	1	1	2	1	7
594	0	1	0	0	1	0	1	2	0	0	1	0	0	1	2	0	1	1	1	2	5
595	0	0	0	1	2	0	1	2	0	0	2	1	0	0	1	1	2	0	1	1	4
596	0	0	0	0	2	0	0	1	0	0	1	2	1	1	0	0	0	0	1	2	5
597	0	1	0	1	2	1	0	0	0	1	1	1	1	1	1	0	1	0	0	2	2
598	0	1	0	0	1	0	1	2	0	0	0	1	1	1	1	0	2	0	1	0	3
599	0	1	1	1	1	0	0	1	0	0	2	0	1	0	0	0	0	0	1	0	3
600	1	0	1	0	1	0	1	2	0	0	0	1	2	1	1	1	0	0	0	2	2
601	0	0	0	1	1	0	0	1	0	0	0	1	1	0	0	0	0	0	0	0	0
602	0	1	0	0	0	0	1	1	1	1	1	1	0	0	1	1	1	1	0	0	0
603	0	0	0	1	1	0	0	0	0	1	2	0	0	1	0	0	0	0	2	1	7
604	0	1	0	0	1	0	1	1	0	0	0	1	0	0	2	0	0	0	0	0	0
605	0	1	1	1	1	1	0	2	0	0	0	0	1	1	1	1	1	0	1	1	4
606	0	0	0	1	0	0	0	1	0	0	0	0	1	0	0	1	0	0	0	1	1
607	0	1	0	1	0	0	0	0	0	0	1	1	1	1	1	0	0	1	2	1	7
608	0	0	1	2	1	0	0	0	0	0	1	1	1	1	1	1	0	0	0	1	1
609	1	0	1	1	2	0	1	2	0	1	1	1	1	0	0	0	0	0	2	1	7
610	0	1	0	1	1	0	0	1	0	2	0	1	1	0	1	1	2	0	1	1	4
611	0	1	1	1	2	0	1	1	0	0	0	1	1	0	1	0	0	0	1	2	5
612	0	1	0	0	0	0	0	2	1	0	1	0	0	1	0	0	2	0	2	1	7
613	0	1	0	1	2	2	0	1	0	1	1	1	1	1	0	1	0	0	2	1	7
614	0	0	0	1	0	0	1	0	0	1	1	1	0	1	0	0	1	1	1	2	5
615	0	1	1	0	0	1	1	1	1	0	0	1	1	2	1	0	0	0	1	1	4
616	0	0	0	2	1	0	2	1	0	2	0	2	1	0	0	0	0	0	0	2	2
617	0	0	0	0	0	0	1	2	0	0	0	2	1	1	1	0	1	0	1	2	5
618	0	0	0	0	2	0	1	1	0	1	0	2	2	0	1	0	1	0	1	1	4
619	0	0	0	1	2	0	0	1	0	1	1	1	1	2	1	0	1	1	2	0	6
620	0	1	0	2	1	0	1	2	0	0	0	2	1	2	0	0	1	0	1	2	5
621	1	0	0	1	1	0	1	1	0	0	2	1	1	1	2	0	0	0	0	1	1
622	0	0	0	0	1	0	1	0	0	0	0	0	1	1	2	1	1	0	1	1	4
623	0	1	1	0	2	0	1	1	0	2	0	1	2	2	1	0	0	0	2	1	7
624	0	1	1	1	1	1	0	1	0	0	1	1	2	1	0	0	1	0	1	1	4
625	1	0	0	1	1	0	0	2	0	1	1	0	2	0	2	0	0	0	2	1	7
626	0	0	0	1	2	0	0	1	0	0	0	2	1	1	0	0	0	1	2	1	7
627	0	0	0	0	1	0	1	2	0	0	0	1	0	2	0	0	1	1	1	1	4
628	0	0	1	1	1	0	0	1	1	1	0	0	2	2	0	1	0	0	0	1	1
629	0	1	0	1	2	0	0	1	0	1	0	2	2	1	0	0	1	1	0	2	2
630	0	0	0	0	1	0	0	1	0	1	0	2	1	1	1	1	1	1	1	1	4
631	0	0	0	0	0	0	0	1	0	1	1	0	0	1	1	1	0	0	2	1	7
632	0	0	0	0	2	1	0	1	0	0	2	0	0	1	1	0	1	0	1	0	3
633	0	0	0	1	1	0	0	2	0	1	1	2	1	1	1	0	0	1	1	0	3
634	0	0	0	0	2	0	1	2	0	1	0	0	0	1	0	0	1	1	1	1	4
635	0	2	0	1	1	0	1	0	0	0	1	0	1	0	2	0	0	0	1	2	5
636	1	0	0	2	0	0	1	1	0	0	0	2	1	1	1	0	1	0	1	1	4
637	0	1	0	2	1	0	1	2	0	0	0	1	2	1	1	1	2	0	1	1	4
638	0	0	0	0	1	1	0	0	0	1	2	1	0	1	1	0	1	1	1	1	4
639	0	0	0	1	0	1	2	1	0	1	1	0	0	1	2	0	0	0	1	1	4
640	0	1	0	2	1	0	0	0	0	0	0	0	1	1	0	0	0	0	2	2	8
641	0	0	0	1	0	0	2	0	0	1	1	1	1	1	0	0	0	0	0	0	0
642	0	0	0	1	1	0	0	1	1	1	0	0	0	2	0	0	0	0	0	2	2
643	0	0	0	0	0	0	0	0	0	1	1	1	0	1	1	0	1	0	2	0	6
644	0	0	0	1	0	0	1	0	0	1	1	2	0	0	2	0	0	1	1	2	5
645	0	0	0	2	1	0	0	1	0	2	0	1	2	1	1	0	2	0	1	1	4
646	0	2	0	0	1	0	0	2	0	1	1	2	1	0	1	0	0	0	1	1	4
647	0	0	0	2	1	1	0	1	0	1	0	0	1	1	1	0	1	0	2	1	7
648	0	0	0	1	1	0	0	1	0	2	1	1	0	0	1	0	0	0	2	1	7
649	0	0	0	1	1	0	0	2	0	0	2	1	2	2	0	1	0	1	1	0	3
650	0	0	0	1	1	0	1	1	0	0	0	0	1	1	0	0	2	1	2	1	7
651	0	0	0	1	0	0	1	1	0	0	1	2	1	1	1	0	1	1	2	1	7
652	0	1	1	1	1	0	1	1	0	0	2	1	0	2	0	0	0	0	1	1	4
653	0	2	1	1	1	0	0	2	0	0	2	2	1	2	1	0	1	0	2	0	6
654	0	2	0	0	0	0	1	2	0	1	1	1	0	0	2	0	2	2	1	1	4
655	0	1	0	1	2	0	0	1	0	1	0	0	0	1	0	1	2	0	0	2	2
656	0	0	0	1	1	0	0	1	0	0	1	1	1	1	1	0	0	0	2	1	7
657	0	0	0	1	0	0	0	1	0	0	1	2	0	0	0	1	0	1	2	1	7
658	0	2	0	2	1	0	2	0	1	0	1	1	0	1	0	0	1	1	1	0	3
659	1	1	0	1	1	0	0	1	0	0	1	1	1	2	2	0	1	0	0	2	2
660	0	0	1	0	0	0	1	1	1	0	1	0	2	1	2	0	2	0	1	1	4
661	1	0	1	1	1	0	1	1	0	2	0	2	1	0	1	0	0	0	1	1	4
662	0	0	1	1	2	0	0	1	0	0	0	1	0	0	1	0	1	2	1	2	5
663	0	1	0	0	0	0	1	2	0	0	1	0	0	0	1	0	1	1	2	2	8
664	0	1	0	0	0	0	0	1	0	0	2	2	0	0	1	0	0	0	0	0	0
665	1	1	0	2	1	0	0	1	0	1	1	1	1	1	1	0	1	1	0	1	1
666	0	0	1	1	1	0	0	0	0	1	1	1	2	1	1	0	0	1	1	2	5
667	0	0	0	1	2	0	0	1	0	1	1	1	1	0	0	0	2	0	1	2	5
668	0	1	1	1	1	0	0	1	0	1	2	2	1	0	1	0	1	0	1	1	4
669	0	0	1	1	0	0	1	0	0	0	1	0	0	1	1	0	1	0	1	0	3
670	0	1	0	1	1	0	1	1	0	1	2	1	0	1	0	0	1	1	2	1	7
671	0	0	0	1	1	0	0	2	0	1	0	1	1	0	1	0	0	0	2	1	7
672	0	0	1	1	1	0	0	2	0	0	0	2	1	1	0	0	0	0	2	0	6
673	0	0	1	1	1	0	0	1	0	1	0	2	1	1	0	0	1	0	2	1	7
674	0	1	1	0	1	0	1	0	0	0	1	1	1	2	0	0	0	0	2	1	7
675	0	0	0	1	0	1	1	0	0	1	1	2	0	0	1	0	1	0	1	1	4
676	0	1	0	0	1	0	0	1	0	1	1	1	1	2	0	0	0	0	1	1	4
677	0	0	0	1	1	0	0	1	0	1	1	0	0	0	1	0	0	1	1	0	3
678	1	1	0	0	0	0	0	1	0	1	1	0	2	1	1	0	0	0	2	0	6
679	0	1	1	0	1	0	0	1	0	1	1	0	0	0	1	1	2	0	1	2	5
680	0	0	1	0	2	0	0	2	0	1	0	1	2	0	2	0	1	0	0	1	1
681	0	0	0	1	1	0	0	2	0	1	0	1	0	0	1	0	1	1	1	0	3
682	0	0	2	2	2	0	0	1	0	1	1	1	1	1	1	0	2	0	2	1	7
683	0	1	0	1	1	0	2	1	1	0	1	1	2	1	0	1	0	1	2	0	6
684	1	1	0	1	1	1	0	1	0	0	0	1	1	0	2	0	1	0	2	1	7
685	0	0	1	1	1	0	0	1	0	0	1	1	0	1	0	1	1	0	2	2	8
686	1	0	0	1	0	1	1	2	1	1	1	0	0	1	1	0	0	1	0	0	0
687	0	1	1	1	2	0	1	1	0	0	1	1	1	2	2	0	1	1	1	1	4
688	0	0	0	1	2	0	1	2	0	1	0	1	0	2	1	0	0	1	0	1	1
689	0	0	0	2	1	1	0	1	0	0	1	0	1	2	1	0	1	0	1	2	5
690	0	0	1	1	0	0	0	1	0	2	0	1	0	0	1	0	1	1	0	1	1
691	0	0	0	1	1	0	0	1	0	1	1	0	0	1	1	0	0	0	1	1	4
692	0	1	0	1	1	0	0	2	0	1	1	1	0	1	1	0	0	0	0	0	0
693	0	1	0	1	0	0	0	1	0	0	2	0	0	0	0	1	1	0	1	2	5
694	0	0	0	1	1	0	1	0	0	0	0	1	2	0	0	1	1	0	1	0	3
695	0	0	0	2	1	0	0	1	0	0	1	1	0	0	2	0	2	1	0	0	0
696	0	1	1	1	2	0	0	2	0	2	1	0	1	1	0	0	1	1	0	1	1
697	0	0	0	1	0	0	0	1	0	1	2	1	1	1	1	0	1	0	1	1	4
698	0	0	0	1	0	1	0	2	0	0	1	1	1	1	1	0	1	1	1	0	3
699	0	1	1	1	0	1	1	0	0	0	1	2	0	1	0	0	0	0	1	2	5
700	0	2	0	2	0	0	0	0	0	0	0	1	1	0	0	0	0	0	1	1	4
701	0	1	1	0	2	0	0	1	0	1	0	2	1	1	0	0	2	0	1	1	4
702	0	0	0	0	0	1	0	1	0	0	0	1	0	0	0	0	0	1	1	0	3
703	0	1	0	0	1	0	0	2	0	1	1	2	1	1	1	0	0	0	1	0	3
704	0	0	0	1	1	0	1	2	1	0	0	1	0	0	0	1	0	0	0	1	1
705	0	1	0	0	1	0	0	1	0	1	0	1	0	1	1	1	1	0	0	1	1
706	0	0	0	2	0	0	1	1	0	1	0	1	1	0	1	0	1	0	1	1	4
707	0	1	0	2	1	0	0	1	0	0	0	0	1	0	1	0	1	0	1	2	5
708	0	0	0	2	2	0	0	0	0	0	1	1	1	1	1	0	1	0	0	1	1
709	0	0	0	1	0	1	0	0	0	1	2	1	0	1	1	0	1	1	2	2	8
710	0	1	1	1	1	1	0	2	0	0	2	0	1	0	2	1	2	0	1	2	5
711	0	0	0	0	1	1	0	2	0	1	1	2	1	2	0	0	0	0	0	1	1
712	0	2	0	2	0	1	1	1	0	0	1	0	0	0	1	0	1	0	1	1	4
713	0	0	0	1	0	0	0	1	0	1	0	0	1	1	1	0	1	0	0	1	1
714	0	0	0	2	1	0	1	1	0	1	1	1	0	1	1	0	1	2	1	0	3
715	0	0	0	1	1	0	0	0	0	0	0	2	1	1	2	0	1	1	1	2	5
716	0	1	1	1	0	1	0	1	0	2	0	2	2	1	1	1	0	0	0	2	2
717	0	0	1	1	1	0	0	2	0	0	1	0	1	0	2	1	1	0	2	0	6
718	1	1	0	1	1	0	0	1	0	1	1	0	1	2	2	0	0	0	2	1	7
719	0	1	0	1	2	0	1	1	0	1	1	2	0	2	0	0	1	0	2	0	6
720	1	0	0	0	0	1	1	1	0	1	1	1	1	2	1	1	0	1	2	2	8
721	0	0	0	0	1	0	0	1	0	1	1	1	1	0	0	1	1	0	2	2	8
722	0	0	0	0	1	0	1	1	0	2	2	2	0	2	0	0	0	0	0	1	1
723	1	1	1	2	2	0	0	1	1	1	0	1	0	0	1	0	1	0	2	0	6
724	0	0	0	0	1	0	0	2	0	1	1	2	0	0	1	0	1	0	1	0	3
725	0	0	1	1	0	0	0	2	0	1	0	1	0	0	1	0	1	0	1	2	5
726	0	0	0	0	2	0	0	1	0	0	2	0	0	1	2	0	0	1	2	1	7
727	1	1	0	1	1	0	0	0	0	1	2	2	0	2	1	0	0	1	1	2	5
728	0	1	0	0	0	1	0	1	0	0	0	0	1	0	1	0	0	1	2	1	7
729	0	0	1	0	1	0	0	1	0	1	0	1	1	0	1	0	1	1	2	1	7
730	0	0	0	2	0	0	0	1	1	1	1	1	0	2	0	1	0	0	2	0	6
731	0	0	0	2	2	0	0	2	0	1	1	2	2	0	0	1	0	0	0	0	0
732	0	0	0	0	1	0	1	0	0	0	1	2	0	0	1	0	1	1	0	1	1
733	1	1	0	0	1	0	0	1	0	0	0	1	1	1	1	0	1	1	0	2	2
734	0	0	0	0	0	0	0	2	0	0	1	1	0	0	1	0	1	0	1	0	3
735	0	0	0	0	1	0	0	1	0	0	1	1	2	2	2	0	0	0	0	1	1
736	0	0	0	0	1	0	0	1	0	0	1	1	1	0	0	0	1	0	0	2	2
737	0	1	0	1	1	0	0	1	1	1	0	0	1	1	1	0	0	0	2	2	8
738	0	2	1	0	2	0	1	1	0	0	0	1	0	2	0	1	1	0	1	0	3
739	0	0	0	1	0	0	1	2	0	0	0	1	2	0	0	0	1	2	0	2	2
740	0	1	0	1	2	0	0	1	0	0	0	1	1	0	1	0	1	0	1	0	3
741	0	0	0	1	0	0	0	1	0	1	1	1	1	1	0	1	1	1	2	1	7
742	0	1	0	0	1	0	0	1	0	0	0	1	0	1	1	0	1	1	0	0	0
743	0	1	0	1	1	1	0	1	0	0	0	1	1	1	1	1	1	0	0	1	1
744	1	1	0	2	1	0	0	2	0	0	1	0	0	1	2	0	1	0	2	0	6
745	0	0	0	0	1	0	0	1	0	0	2	2	1	1	1	0	1	0	2	2	8
746	1	1	0	1	0	0	0	0	0	1	1	2	1	2	2	0	0	0	1	0	3
747	1	1	0	0	2	0	0	2	0	0	1	1	1	0	2	0	1	0	0	0	0
748	0	1	1	0	2	0	0	2	1	0	1	1	2	2	1	0	0	1	2	0	6
749	1	0	0	0	0	0	0	1	1	1	1	2	0	2	0	0	0	0	2	1	7
750	1	0	1	1	1	0	0	0	0	0	0	0	0	1	1	0	1	0	2	1	7
751	0	0	0	1	1	0	0	1	0	1	2	1	1	1	1	0	1	0	2	0	6
752	1	0	0	1	1	0	0	1	0	0	1	0	0	1	0	0	1	0	0	1	1
753	1	0	1	1	1	0	0	2	0	1	1	1	1	1	0	1	1	0	0	1	1
754	0	0	0	0	1	0	1	0	0	0	1	0	1	0	1	0	1	0	0	1	1
755	0	0	0	0	1	0	0	2	0	0	2	1	0	1	1	0	1	0	2	1	7
756	0	0	0	1	1	0	0	1	0	1	1	1	0	2	1	0	2	0	1	2	5
757	0	0	0	1	1	0	2	1	0	0	0	2	2	1	2	0	0	0	1	0	3
758	0	0	0	2	1	0	2	2	0	0	1	1	2	1	0	1	0	0	0	1	1
759	0	0	0	1	1	0	0	1	0	1	1	1	0	1	1	0	0	1	1	0	3
760	0	0	0	1	1	0	2	0	0	0	0	1	0	1	1	1	0	0	1	2	5
761	0	0	0	1	1	1	0	0	0	1	0	1	0	1	0	0	0	0	1	2	5
762	1	0	0	0	2	0	0	1	0	0	0	1	1	1	1	0	1	0	1	2	5
763	0	1	0	2	1	0	0	2	0	0	1	0	1	0	1	0	0	1	2	0	6
764	0	0	0	1	1	0	1	2	1	0	1	2	1	0	2	0	0	1	0	2	2
765	1	0	0	1	2	0	0	0	0	1	1	0	1	2	0	0	1	1	0	2	2
766	0	0	2	1	1	0	0	2	0	0	1	0	2	1	1	0	2	0	0	1	1
767	0	1	0	0	1	1	0	1	1	0	0	1	1	1	2	0	1	0	0	0	0
768	0	1	1	0	0	0	1	0	0	0	1	2	0	0	1	0	0	1	1	0	3
769	0	0	0	1	0	0	1	2	0	1	0	1	0	1	1	0	2	1	2	1	7
770	0	0	0	1	0	0	0	0	0	1	2	0	2	1	0	0	1	1	2	0	6
771	0	0	0	2	0	0	1	0	0	1	0	1	1	1	2	0	1	1	1	0	3
772	1	0	0	1	1	0	1	1	0	0	2	2	1	1	0	0	1	1	1	0	3
773	1	0	0	2	2	0	0	1	0	0	0	1	0	2	0	0	1	0	0	0	0
774	0	0	0	1	2	0	0	1	0	0	1	1	2	0	1	1	2	0	0	0	0
775	0	0	0	1	1	0	0	0	0	2	0	0	1	1	0	0	1	0	1	2	5
776	0	0	0	2	0	0	1	1	0	1	0	1	0	0	1	0	2	0	2	0	6
777	1	1	0	0	1	0	1	2	0	0	0	1	1	0	0	1	1	0	2	2	8
778	0	1	0	1	1	0	0	1	0	0	0	2	0	1	0	0	2	1	0	0	0
779	0	1	1	2	1	0	1	2	0	1	0	0	0	1	1	0	1	0	2	1	7
780	1	1	0	0	2	0	0	2	0	0	1	2	1	1	1	0	0	0	2	1	7
781	0	0	0	2	1	0	0	1	0	0	0	1	2	2	2	0	2	0	1	0	3
782	1	0	1	1	1	0	0	1	1	1	0	0	1	1	0	0	2	0	0	1	1
783	1	0	0	1	2	1	0	0	0	0	1	2	1	2	1	0	2	0	1	2	5
784	0	0	0	0	2	0	0	1	0	1	1	0	2	2	0	0	1	0	2	2	8
785	2	0	1	1	0	0	0	1	0	0	1	1	2	2	0	1	0	2	0	1	1
786	0	0	0	0	2	0	0	1	0	1	1	1	2	1	2	1	1	0	1	0	3
787	0	0	0	1	0	0	1	2	0	1	1	1	2	1	1	0	1	0	1	2	5
788	0	0	0	1	1	0	0	2	0	0	0	0	1	2	0	0	2	0	2	1	7
789	0	0	0	0	1	0	0	2	0	1	0	1	0	1	1	0	0	1	2	0	6
790	1	0	1	0	2	0	0	0	0	1	0	0	1	0	1	1	0	1	2	2	8
791	1	0	2	1	1	0	1	0	0	0	1	1	1	1	0	0	1	0	1	0	3
792	0	0	0	1	2	1	0	0	0	0	1	2	2	1	1	0	0	0	1	0	3
793	0	0	0	0	1	0	0	0	0	1	1	0	1	1	1	0	0	1	0	2	2
794	0	0	0	1	1	1	0	2	0	1	1	1	1	2	0	1	1	0	2	2	8
795	0	0	1	2	1	0	0	1	0	0	0	1	2	0	0	0	0	1	0	1	1
796	1	1	0	2	2	1	0	1	0	0	1	1	1	0	0	0	0	1	0	0	0
797	0	0	0	2	0	0	0	1	0	1	1	0	2	0	2	0	2	1	1	0	3
798	0	0	0	0	2	0	0	0	0	0	0	1	1	1	1	0	0	0	1	0	3
799	1	1	0	2	2	0	1	1	0	0	1	0	0	0	1	0	0	0	0	1	1
800	0	1	1	2	0	0	0	1	0	1	1	1	1	2	0	0	0	0	0	1	1
801	0	0	0	0	0	0	1	1	0	1	0	1	0	0	2	1	0	0	1	2	5
802	0	0	0	2	1	0	1	0	0	1	0	1	2	1	1	0	1	1	0	0	0
803	0	1	0	0	2	0	0	1	0	1	0	0	1	1	2	0	0	1	1	2	5
804	0	0	0	2	1	1	2	0	0	0	2	1	1	1	0	0	0	0	2	1	7
805	0	0	2	2	1	0	0	0	0	0	1	0	0	1	0	0	1	0	1	2	5
806	0	0	0	1	1	0	0	1	0	1	1	1	1	2	0	0	1	1	2	0	6
807	0	0	1	1	2	1	1	2	0	0	1	1	0	0	1	1	1	0	1	0	3
808	0	1	0	2	1	0	0	1	0	1	2	0	1	0	1	0	0	0	2	1	7
809	0	1	1	1	1	0	0	2	0	0	2	1	0	1	0	0	0	1	2	1	7
810	0	0	0	0	1	0	1	1	0	1	1	0	0	1	1	0	0	1	2	1	7
811	0	0	0	1	1	0	0	1	0	1	1	0	0	2	0	0	0	0	1	2	5
812	0	0	0	1	2	0	0	1	0	0	0	1	0	1	0	0	0	1	2	1	7
813	1	1	0	2	0	0	1	1	1	0	1	2	1	1	1	0	1	0	1	2	5
814	0	0	0	2	1	0	0	1	0	0	1	0	2	1	0	0	1	0	1	2	5
815	0	0	0	0	1	0	0	1	0	0	1	1	0	2	1	0	2	0	2	1	7
816	0	1	0	1	0	0	0	2	0	1	2	0	1	2	1	0	0	0	2	1	7
817	1	1	0	1	0	0	1	2	0	0	1	1	0	2	2	0	1	0	1	0	3
818	0	0	0	0	2	0	0	0	0	0	2	2	0	0	1	0	0	0	1	0	3
819	0	0	0	1	2	0	1	2	1	0	0	0	2	1	1	1	1	0	0	1	1
820	0	0	0	2	2	0	0	1	0	0	1	1	0	1	2	0	2	1	1	0	3
821	0	1	0	1	2	0	0	0	0	0	1	1	2	0	2	0	0	0	0	0	0
822	0	0	0	0	2	0	1	2	0	0	1	1	0	2	1	0	1	1	0	0	0
823	0	1	0	1	0	1	0	1	0	1	0	1	0	0	0	0	0	0	2	0	6
824	0	0	0	0	1	0	1	1	0	1	0	1	0	0	1	0	0	0	0	0	0
825	0	1	0	1	2	0	1	1	0	1	1	1	2	1	1	0	1	0	1	0	3
826	1	0	0	0	1	0	0	1	0	0	0	1	1	1	2	2	0	0	1	0	3
827	0	0	0	1	1	0	0	1	1	1	1	1	0	2	0	0	0	0	1	2	5
828	0	2	1	0	1	1	1	1	0	1	1	2	1	1	0	1	1	0	1	0	3
829	0	0	0	1	0	0	1	1	1	0	0	2	0	1	0	0	0	0	1	0	3
830	0	1	0	1	0	0	0	2	0	0	1	1	0	1	2	0	0	0	0	1	1
831	0	0	0	1	0	0	0	0	0	0	0	0	2	1	2	0	0	1	2	0	6
832	0	0	0	1	0	1	1	2	0	2	1	1	1	1	1	0	1	1	2	1	7
833	0	1	0	1	2	0	1	1	0	1	2	0	0	0	0	0	2	0	2	0	6
834	0	1	0	1	2	0	0	0	0	0	0	2	1	1	0	0	0	0	1	2	5
835	0	1	0	1	1	0	0	0	0	1	0	1	1	0	1	1	1	1	1	0	3
836	0	0	0	2	0	0	1	0	0	0	0	1	1	0	0	1	0	1	1	0	3
837	0	0	0	1	0	0	1	1	0	0	0	1	1	2	0	0	0	0	1	0	3
838	0	1	1	1	0	0	0	1	0	1	1	1	1	2	1	0	2	0	1	0	3
839	0	2	0	2	0	0	0	0	1	1	1	1	1	1	2	0	0	0	2	1	7
840	0	0	1	1	1	0	0	2	0	1	1	2	0	1	1	0	2	1	1	0	3
841	0	2	1	1	0	0	0	1	0	1	1	2	2	1	1	0	1	1	1	2	5
842	1	0	0	2	2	0	0	2	1	1	0	1	1	1	0	1	0	0	0	0	0
843	0	0	0	1	0	0	1	1	1	0	1	1	0	1	0	0	0	1	0	1	1
844	2	1	1	2	0	2	0	0	0	1	1	2	2	1	1	0	0	0	1	2	5
845	0	0	0	0	1	0	0	1	0	0	0	1	1	1	1	1	1	0	2	1	7
846	0	0	0	1	1	0	0	1	0	1	0	1	2	1	1	1	1	0	1	2	5
847	0	1	0	0	0	0	1	1	0	0	1	1	2	1	1	0	0	0	1	2	5
848	0	1	0	0	1	0	0	2	0	1	1	2	0	0	0	2	1	0	1	2	5
849	0	1	0	0	2	0	1	1	0	0	0	2	2	1	1	0	0	1	0	2	2
850	0	1	0	0	0	0	0	2	0	1	1	2	1	1	0	1	0	0	1	2	5
851	0	1	0	1	0	1	0	2	0	1	1	0	0	0	0	1	1	1	1	2	5
852	1	0	1	0	0	1	0	1	1	0	0	1	1	0	0	0	0	0	0	1	1
853	0	0	0	0	1	0	1	2	1	2	0	1	0	1	1	0	0	0	0	1	1
854	0	1	0	1	0	0	0	1	0	0	0	2	0	0	0	0	0	0	1	0	3
855	0	1	0	1	1	0	0	1	0	0	1	1	1	1	0	0	1	0	0	1	1
856	1	0	0	1	1	0	0	0	0	0	2	1	2	1	0	1	0	1	1	2	5
857	0	1	0	0	0	1	1	1	0	1	1	1	0	0	0	1	1	0	0	2	2
858	0	0	0	1	1	1	0	0	0	0	2	1	0	1	1	1	0	2	0	2	2
859	0	1	0	2	2	0	1	1	0	0	0	1	1	1	2	0	0	0	1	0	3
860	0	0	1	1	0	0	2	2	0	1	1	1	1	2	0	0	2	1	0	0	0
861	0	0	0	0	1	0	0	2	0	1	0	2	1	1	0	0	0	1	2	1	7
862	0	0	0	1	2	0	1	1	0	1	1	1	1	1	2	0	0	0	1	0	3
863	0	0	0	1	0	0	1	1	0	0	1	2	0	0	1	0	2	0	0	1	1
864	0	0	0	0	2	0	1	2	0	1	1	1	0	1	1	0	0	0	0	1	1
865	2	0	0	0	2	0	1	1	0	0	1	1	1	1	0	0	0	0	0	1	1
866	0	0	1	1	0	1	0	2	0	2	0	0	0	1	0	0	0	0	2	2	8
867	0	1	0	0	1	0	0	1	1	1	0	2	1	2	1	0	1	1	1	0	3
868	0	1	0	1	1	0	0	1	0	2	1	0	0	2	0	2	0	1	2	1	7
869	0	1	0	1	2	0	0	0	0	0	0	1	0	1	0	0	1	0	0	1	1
870	0	1	0	2	0	0	0	1	0	0	0	1	2	0	0	0	0	0	0	1	1
871	0	0	0	1	2	0	0	1	0	0	0	1	1	1	0	1	0	0	0	1	1
872	0	0	0	1	0	0	0	2	0	0	0	2	1	2	1	0	1	0	0	1	1
873	1	0	0	1	0	0	0	0	0	0	1	0	0	0	1	0	0	1	0	2	2
874	1	0	0	1	1	0	0	2	0	2	1	2	2	0	0	0	0	1	0	1	1
875	0	0	0	2	1	0	1	2	0	1	2	0	1	0	1	0	1	1	1	0	3
876	0	1	0	1	1	0	1	0	0	1	1	2	0	0	1	0	1	0	1	2	5
877	1	1	1	2	2	1	1	2	0	1	1	1	1	0	0	0	1	0	2	1	7
878	0	0	1	0	1	0	0	1	0	1	0	0	1	1	0	0	1	0	1	2	5
879	0	1	0	1	1	0	0	1	1	1	1	2	1	1	0	0	1	0	0	1	1
880	0	0	0	0	1	0	1	0	0	1	1	1	0	0	2	0	0	0	2	0	6
881	0	1	0	2	1	0	0	1	0	1	1	1	1	2	1	0	0	0	0	1	1
882	0	0	0	1	1	0	0	2	0	0	1	0	1	0	1	0	0	0	0	1	1
883	0	0	0	0	0	1	1	2	0	0	0	1	0	1	1	0	2	0	1	0	3
884	1	1	0	1	1	0	0	1	0	0	0	1	2	0	0	0	0	1	2	1	7
885	0	0	0	2	0	0	0	0	0	0	1	1	1	1	1	1	0	0	0	2	2
886	0	2	0	1	0	0	0	1	1	1	2	1	0	2	0	1	1	0	2	2	8
887	0	1	0	0	1	1	0	0	0	0	1	1	1	2	1	0	0	0	0	2	2
888	0	0	1	1	0	0	0	0	0	1	0	2	1	1	0	0	0	1	2	1	7
889	0	0	0	0	0	0	0	1	0	0	1	1	0	2	1	0	2	1	1	0	3
890	0	0	1	0	1	0	1	0	0	2	0	0	0	0	2	0	0	1	2	1	7
891	0	1	0	2	0	0	1	1	0	0	1	1	0	0	0	1	2	0	0	1	1
892	1	0	0	2	0	0	0	0	0	1	1	0	2	1	0	0	0	1	2	1	7
893	0	0	1	1	0	0	0	1	0	0	0	2	0	0	1	0	0	1	2	0	6
894	0	1	0	1	2	0	0	1	0	0	0	2	1	0	0	0	1	1	1	0	3
895	0	0	1	1	0	0	1	2	0	1	0	2	1	2	0	0	1	1	2	0	6
896	0	2	1	0	0	0	0	2	0	1	1	1	1	0	0	0	1	2	0	2	2
897	0	1	1	0	1	0	0	1	0	0	0	1	0	1	1	0	1	1	0	1	1
898	0	1	1	0	1	0	0	1	0	0	0	1	1	1	0	0	0	1	0	1	1
899	0	0	0	2	1	0	0	2	0	1	1	1	1	1	1	1	0	0	1	2	5
900	0	0	0	1	0	0	0	0	0	0	0	1	1	0	0	0	2	0	1	0	3
901	0	0	0	1	0	0	0	1	0	2	0	1	0	1	1	1	0	0	2	2	8
902	0	1	0	0	1	0	0	2	0	2	0	0	0	0	1	0	0	1	2	2	8
903	0	0	1	2	1	0	0	2	0	0	0	1	0	1	1	0	1	0	1	2	5
904	0	1	0	2	1	0	0	1	0	0	1	0	0	1	2	1	0	0	0	0	0
905	0	0	1	1	1	0	0	2	0	1	0	1	1	0	1	1	1	0	1	0	3
906	0	0	0	1	1	0	0	1	0	1	1	0	1	1	0	0	0	0	1	2	5
907	0	0	0	2	0	1	0	1	0	0	1	0	1	1	2	0	0	0	2	1	7
908	0	0	0	0	0	0	0	0	0	1	0	1	1	1	0	0	1	1	0	1	1
909	0	2	0	1	1	0	0	1	1	0	0	0	0	0	2	2	0	1	0	1	1
910	0	0	0	1	1	0	0	0	0	1	0	1	0	1	0	0	0	0	0	0	0
911	0	1	0	0	1	0	0	1	0	2	1	1	1	2	0	0	1	1	1	2	5
912	0	1	1	1	0	0	1	1	0	2	0	1	0	0	1	0	1	0	0	0	0
913	0	1	0	1	1	0	0	0	0	1	2	2	0	0	0	1	0	0	0	2	2
914	0	0	1	2	1	0	0	2	0	0	1	1	1	2	2	0	0	0	0	2	2
915	0	1	0	1	1	0	1	1	1	1	1	2	1	0	0	0	1	0	0	1	1
916	1	1	1	2	0	0	0	1	0	0	2	1	2	0	1	0	1	0	1	0	3
917	0	0	0	0	1	0	1	2	0	0	1	1	1	1	0	0	0	0	1	2	5
918	0	0	0	2	0	0	0	2	0	2	1	1	2	1	1	1	0	0	2	2	8
919	0	1	0	0	2	0	0	1	0	0	1	0	1	0	0	0	1	0	0	2	2
920	0	0	1	1	0	0	0	1	0	0	1	2	1	2	2	0	1	0	1	0	3
921	0	2	0	2	1	0	0	1	0	0	1	0	1	0	2	0	1	0	0	1	1
922	0	0	0	0	1	0	0	0	0	1	0	1	1	0	1	0	1	0	2	1	7
923	1	0	1	1	1	0	1	2	0	0	1	1	0	0	2	0	1	1	0	0	0
924	0	0	0	2	1	2	1	0	0	0	0	0	0	1	0	1	1	1	1	0	3
925	0	0	0	1	1	0	1	1	0	1	2	2	0	0	0	1	0	0	0	2	2
926	1	0	0	1	1	0	0	1	0	1	1	1	1	2	0	1	1	1	1	0	3
927	0	0	0	2	1	0	0	1	0	1	2	0	0	2	1	0	0	0	1	2	5
928	0	0	0	1	1	0	0	1	0	0	0	1	2	1	1	0	0	0	2	1	7
929	1	0	1	2	2	0	0	0	0	0	0	0	2	1	2	0	0	2	2	1	7
930	0	0	0	1	0	1	1	2	0	0	1	2	0	1	0	2	1	0	1	2	5
931	0	0	0	1	0	0	2	0	0	1	0	1	2	1	0	0	1	0	2	1	7
932	0	0	0	2	1	0	0	0	0	0	0	2	1	2	1	0	0	0	1	0	3
933	0	0	0	1	0	0	1	0	0	0	0	1	1	2	0	0	1	0	0	2	2
934	0	0	0	0	1	0	1	1	0	0	0	1	2	1	1	0	2	0	2	2	8
935	0	0	0	0	2	1	1	2	0	0	0	1	1	0	0	0	2	1	2	2	8
936	1	0	0	1	1	0	0	1	0	0	0	0	0	0	1	0	0	1	1	0	3
937	0	0	1	1	2	0	1	1	0	1	1	1	0	0	1	0	1	0	2	2	8
938	0	1	0	1	0	1	0	0	0	0	1	0	1	1	0	1	1	0	2	2	8
939	1	1	0	1	0	0	1	0	0	1	1	0	1	1	1	0	2	0	2	0	6
940	0	0	0	2	1	0	0	1	0	1	1	1	1	0	0	0	1	1	2	0	6
941	2	1	1	2	0	0	0	0	0	1	1	1	1	2	1	0	1	2	0	1	1
942	0	0	0	1	0	0	1	1	0	1	1	1	2	0	0	1	1	0	2	0	6
943	0	0	0	1	0	0	0	0	0	2	0	1	2	1	1	1	0	1	2	0	6
944	0	0	0	1	0	0	1	2	0	0	0	1	0	1	1	0	0	0	1	0	3
945	0	0	1	1	1	0	0	1	0	2	1	1	1	1	1	0	0	0	1	0	3
946	0	1	1	1	1	0	0	0	0	1	0	1	1	2	2	0	1	0	1	2	5
947	1	1	0	1	1	0	0	0	0	2	1	0	0	1	1	1	2	0	2	0	6
948	0	0	0	0	2	0	0	1	0	1	0	0	0	2	1	0	2	2	0	0	0
949	1	0	0	1	2	0	0	1	0	1	0	0	0	2	1	0	0	0	0	2	2
950	0	0	0	2	0	0	0	1	1	0	2	2	1	0	1	1	0	1	2	0	6
951	1	1	0	0	2	0	1	1	0	1	0	1	1	1	1	0	0	1	0	2	2
952	0	1	0	1	1	0	0	0	0	0	0	1	1	1	1	0	0	0	0	0	0
953	1	1	0	0	1	1	0	2	0	0	1	0	1	1	0	0	0	0	0	0	0
954	0	0	1	2	0	0	0	1	0	1	0	0	0	1	1	0	1	0	1	0	3
955	0	1	0	1	2	0	0	0	0	1	0	2	1	0	0	0	1	0	2	1	7
956	1	0	0	1	1	0	0	2	0	1	1	1	1	1	1	0	2	0	2	1	7
957	0	1	0	2	2	0	1	2	0	0	1	0	1	1	1	0	0	0	2	1	7
958	0	0	0	1	0	0	1	1	0	0	1	0	1	1	1	1	2	0	1	2	5
959	0	0	0	0	2	0	0	2	0	0	1	0	1	1	1	0	0	0	2	1	7
960	1	1	0	1	2	0	0	0	0	0	1	1	2	1	1	1	0	1	0	1	1
961	0	0	1	2	1	0	0	1	0	1	1	1	1	1	0	0	0	1	0	2	2
962	0	0	0	1	1	1	1	2	0	0	0	0	1	1	1	0	2	0	2	1	7
963	1	0	0	0	1	0	1	1	0	1	0	0	0	2	2	0	2	0	1	2	5
964	0	1	0	1	1	0	1	1	0	1	1	1	1	1	1	1	0	0	0	0	0
965	1	2	0	0	1	0	0	1	0	1	2	0	1	1	2	0	0	0	0	0	0
966	1	0	0	1	1	1	0	1	0	0	1	2	0	1	0	0	1	1	0	2	2
967	0	0	0	1	1	0	0	0	0	1	1	0	0	1	1	0	0	0	2	0	6
968	1	0	1	2	1	0	0	2	0	2	0	0	1	0	1	0	1	1	1	0	3
969	0	1	0	2	1	0	1	1	0	0	1	1	0	0	0	0	1	1	1	2	5
970	0	1	0	1	0	0	0	1	0	0	0	0	1	0	0	0	1	1	1	2	5
971	0	1	0	1	1	0	1	1	1	0	0	1	0	0	1	0	1	0	1	2	5
972	0	0	0	2	2	0	0	1	0	1	2	1	2	0	1	0	0	0	0	1	1
973	0	0	0	1	1	0	0	0	1	0	2	0	0	1	1	0	1	0	1	0	3
974	0	0	1	1	1	0	0	2	1	1	1	2	1	1	0	0	1	1	0	1	1
975	0	0	1	1	1	0	0	1	0	0	2	2	1	1	2	0	0	1	2	1	7
976	0	0	0	1	0	0	1	1	2	1	2	0	2	0	0	0	0	0	1	2	5
977	1	0	1	0	1	0	0	1	0	0	1	0	0	2	2	1	0	1	0	1	1
978	0	0	1	0	1	0	0	1	0	1	0	1	0	0	2	0	1	0	2	1	7
979	0	2	0	1	0	0	1	1	0	0	0	1	1	1	1	0	1	0	1	0	3
980	1	1	0	1	1	1	0	2	0	2	1	1	1	1	2	0	1	0	2	2	8
981	1	1	0	1	0	0	0	1	0	0	1	2	1	1	2	0	0	1	0	1	1
982	0	0	0	1	1	0	2	1	0	2	1	0	0	1	0	0	0	0	1	0	3
983	0	1	0	1	0	0	0	2	0	0	1	1	0	1	1	0	1	0	2	2	8
984	0	1	0	1	1	0	0	2	0	0	1	1	2	1	1	0	1	0	2	2	8
985	0	0	0	0	2	0	0	2	0	0	0	2	2	0	0	1	2	1	1	2	5
986	0	0	0	0	0	0	0	1	0	1	1	0	0	0	1	0	0	0	1	2	5
987	0	0	1	0	2	0	1	2	0	0	0	0	0	0	1	0	1	0	1	0	3
988	0	0	0	2	1	0	0	0	0	1	0	0	1	1	1	0	1	1	1	0	3
989	0	0	0	1	0	0	0	2	0	1	1	0	1	1	1	1	1	0	2	2	8
990	1	0	0	0	1	0	0	1	0	1	0	1	1	1	0	0	1	1	1	0	3
991	0	1	0	2	0	0	0	1	0	0	0	0	1	0	1	0	0	0	0	2	2
992	0	0	0	0	1	0	0	1	0	0	2	1	0	1	2	0	0	0	0	1	1
993	1	0	0	2	1	0	1	1	0	0	1	0	0	1	1	0	0	0	1	2	5
994	0	1	0	0	1	0	0	1	0	0	1	2	0	0	0	0	2	0	1	2	5
995	0	0	0	0	1	0	1	0	0	0	2	2	1	0	1	1	0	2	2	1	7
996	0	0	1	1	1	0	0	0	0	0	0	1	1	1	1	0	1	1	0	1	1
997	1	1	0	1	0	0	0	1	0	1	1	2	0	2	1	0	0	1	1	0	3
998	1	0	1	0	2	0	1	1	0	1	1	2	0	1	0	1	1	1	2	1	7
999	0	1	0	1	1	0	0	1	0	0	1	1	1	1	0	1	1	0	0	0	0
1000	0	0	0	1	1	0	0	2	0	0	0	1	0	1	1	0	0	0	0	2	2
1001	0	0	0	1	1	0	1	0	0	1	0	1	0	1	0	0	0	1	1	2	5
1002	0	2	0	1	0	0	0	2	0	1	2	2	2	1	0	0	2	0	2	1	7
1003	0	0	0	0	0	0	1	1	0	0	1	1	0	1	2	0	1	0	2	1	7
1004	0	0	0	1	0	1	0	1	0	1	1	0	2	0	0	0	2	1	0	1	1
1005	0	0	0	1	1	0	1	1	1	1	1	0	1	0	1	0	2	0	0	1	1
1006	1	0	1	2	0	0	1	1	1	1	0	1	1	1	1	0	1	0	1	0	3
1007	1	1	0	1	0	0	0	2	0	0	0	2	1	2	1	0	1	1	1	2	5
1008	0	0	0	0	1	0	0	0	0	0	1	1	0	1	1	1	0	0	2	2	8
1009	1	0	1	0	2	0	0	1	0	0	1	0	1	1	1	0	0	0	1	0	3
1010	0	1	0	0	0	0	1	1	0	1	0	1	1	2	0	0	0	0	0	0	0
1011	0	0	0	2	1	0	1	1	0	1	0	1	0	1	1	0	0	0	0	0	0
1012	0	0	0	0	1	0	0	2	0	0	2	1	1	1	2	1	0	0	2	0	6
1013	1	1	1	1	0	0	0	0	0	1	1	1	0	0	0	0	2	0	2	2	8
1014	0	1	0	0	1	1	1	2	0	2	0	0	1	1	0	0	1	1	1	2	5
1015	0	2	0	0	0	0	0	1	0	0	2	2	0	1	2	0	0	0	0	1	1
1016	0	0	0	1	0	0	0	1	0	0	0	1	1	0	1	0	0	1	2	1	7
1017	0	1	0	0	1	0	0	2	0	2	2	1	0	1	0	0	1	1	2	2	8
1018	0	0	0	0	0	1	0	1	0	0	0	1	1	2	0	2	1	0	0	2	2
1019	0	1	1	2	1	0	0	1	0	1	0	1	0	0	0	0	0	0	2	2	8
1020	0	1	0	2	1	0	0	0	1	1	0	0	0	0	1	0	0	0	1	0	3
1021	0	1	0	0	0	1	1	1	0	0	0	0	0	0	1	0	1	0	0	1	1
1022	0	0	0	1	2	1	0	2	0	0	2	1	1	2	2	0	1	0	2	0	6
1023	0	1	0	0	2	0	1	2	0	1	0	0	0	1	1	0	0	1	2	0	6
1024	0	0	0	2	2	0	0	1	0	2	0	1	2	1	1	0	1	0	1	0	3
1025	1	1	0	0	0	0	1	0	0	1	0	1	1	1	1	1	1	1	2	2	8
1026	0	1	1	0	0	0	1	1	0	1	1	0	1	0	1	1	1	0	2	1	7
1027	1	0	0	0	2	0	0	2	0	0	1	2	1	0	0	0	2	0	0	1	1
1028	0	1	0	1	2	0	0	1	0	1	1	2	1	1	1	0	2	0	2	2	8
1029	0	0	0	0	0	0	0	1	0	2	1	1	1	2	1	0	1	2	0	1	1
1030	0	0	0	1	2	1	1	1	0	0	1	0	0	1	2	0	1	0	1	2	5
1031	0	0	0	0	0	0	0	0	0	1	2	1	0	0	0	0	0	0	2	1	7
1032	1	0	0	1	2	0	0	1	0	2	2	0	0	2	1	0	0	0	2	1	7
1033	0	1	0	0	1	0	0	1	0	0	0	0	2	0	0	0	1	0	1	2	5
1034	0	0	0	2	0	0	0	0	0	0	1	0	1	1	1	0	1	1	2	2	8
1035	0	0	0	1	1	0	1	0	0	0	1	0	0	2	0	0	0	0	2	1	7
1036	0	0	0	0	1	0	0	1	0	0	1	2	1	0	0	0	0	1	1	0	3
1037	1	0	0	1	2	0	1	1	0	0	2	2	1	2	1	1	0	0	0	1	1
1038	0	1	0	2	1	1	1	2	0	1	1	1	1	1	0	0	1	0	1	0	3
1039	0	1	0	0	0	0	0	1	0	0	1	0	1	1	1	0	1	1	2	1	7
1040	0	1	0	2	1	0	0	2	0	1	0	1	1	0	1	0	0	1	0	1	1
1041	0	1	0	2	1	0	0	1	0	0	0	1	2	1	0	0	1	0	0	0	0
1042	0	1	0	1	1	0	0	1	1	1	2	0	0	2	1	0	0	0	1	2	5
1043	0	0	0	0	2	0	0	1	0	1	1	2	1	0	0	0	1	0	2	1	7
1044	0	0	0	2	1	0	1	2	0	1	1	2	0	0	2	0	1	0	2	1	7
1045	0	0	0	1	1	0	0	1	0	1	1	2	0	0	0	0	1	0	1	2	5
1046	0	0	0	2	2	0	0	1	0	0	1	2	1	0	1	0	0	0	2	1	7
1047	0	0	0	1	1	0	0	1	0	1	0	1	1	0	2	0	2	1	0	1	1
1048	0	0	0	2	0	0	0	2	0	0	1	1	0	0	1	1	1	1	0	0	0
1049	0	0	0	1	1	0	0	2	0	1	1	0	1	1	0	1	0	2	2	2	8
1050	0	0	0	1	1	0	0	1	0	0	0	1	0	1	2	0	0	0	2	2	8
1051	0	0	0	0	2	0	0	1	0	1	0	2	1	2	1	0	1	0	2	1	7
1052	0	2	1	1	1	0	0	2	0	1	1	1	1	2	2	0	0	0	2	1	7
1053	2	0	0	1	1	0	0	1	0	0	1	1	0	1	2	0	1	0	0	2	2
1054	0	0	0	2	1	0	0	1	0	0	1	0	1	2	1	0	1	1	1	0	3
1055	0	1	0	2	2	0	1	1	0	0	2	0	0	1	1	0	0	0	1	0	3
1056	0	0	0	1	1	1	0	2	0	1	2	1	1	1	1	0	2	0	2	1	7
1057	0	1	0	1	2	0	0	2	0	1	0	1	2	1	1	0	1	1	2	0	6
1058	0	0	0	2	1	0	0	0	0	0	2	1	0	1	0	1	1	0	0	2	2
1059	0	0	0	1	0	0	0	2	0	0	1	1	2	0	0	1	0	0	0	1	1
1060	0	0	0	1	0	0	1	0	0	0	0	0	1	1	0	1	0	0	0	1	1
1061	2	0	0	2	1	0	0	2	0	0	1	1	1	1	0	0	1	1	2	1	7
1062	0	0	0	2	0	0	0	1	0	0	1	2	2	1	0	0	1	0	0	1	1
1063	0	2	0	1	2	0	0	1	0	0	1	2	0	0	1	0	1	0	0	1	1
1064	0	0	0	0	1	0	0	0	1	0	1	1	1	2	1	0	1	0	0	2	2
1065	1	0	0	1	1	0	0	2	0	0	1	1	2	2	1	0	1	0	0	0	0
1066	0	1	0	1	1	0	0	0	0	1	1	1	1	1	1	0	0	0	2	1	7
1067	0	0	0	0	1	0	0	0	0	0	1	0	0	1	0	1	1	0	2	0	6
1068	0	0	0	2	1	0	0	1	0	1	1	1	1	1	1	0	1	0	0	0	0
1069	0	0	0	1	1	0	0	1	0	1	0	1	0	0	0	0	0	0	0	2	2
1070	0	1	1	1	0	0	1	0	0	0	1	2	0	1	0	0	0	0	1	2	5
1071	0	1	0	1	2	0	0	0	0	0	0	1	0	2	2	0	2	0	0	1	1
1072	0	0	0	2	1	0	0	1	0	1	2	1	0	1	2	0	0	0	2	1	7
1073	1	0	0	1	0	0	1	1	0	0	0	1	2	0	1	0	1	0	0	1	1
1074	0	1	0	1	1	0	1	1	1	0	0	1	2	1	2	0	0	0	0	0	0
1075	1	1	0	1	0	0	1	1	1	0	2	0	0	2	1	1	1	0	1	0	3
1076	0	1	0	0	1	0	0	1	0	0	0	1	1	1	1	1	0	2	0	1	1
1077	0	0	0	1	1	0	0	0	0	0	0	1	0	1	2	1	1	1	0	1	1
1078	0	0	1	1	0	0	0	1	0	1	0	1	1	1	0	1	2	0	1	2	5
1079	0	0	1	2	0	0	0	1	0	1	2	2	0	1	0	0	1	0	0	0	0
1080	0	1	0	0	1	0	0	2	0	1	0	2	1	1	1	0	0	1	1	0	3
1081	0	0	0	1	2	0	0	1	0	1	1	1	0	1	2	0	1	0	2	1	7
1082	1	0	0	1	0	0	0	1	0	0	0	1	0	1	1	1	1	1	2	2	8
1083	0	0	0	1	1	0	0	1	1	0	1	0	2	1	2	1	0	0	2	0	6
1084	0	1	0	1	0	0	0	1	0	2	1	1	1	1	1	0	1	0	1	0	3
1085	0	0	0	2	1	0	1	1	0	1	0	1	2	0	0	0	1	0	0	1	1
1086	0	1	1	1	1	0	0	2	0	1	0	0	1	1	1	0	0	1	1	2	5
1087	0	0	0	2	2	0	2	1	0	0	0	0	0	0	1	0	0	1	0	1	1
1088	0	0	0	1	0	0	1	2	0	0	1	1	1	1	1	0	1	1	0	1	1
1089	0	0	0	0	0	0	0	2	0	1	1	1	0	0	1	0	2	0	1	0	3
1090	1	0	0	1	0	0	0	0	0	0	1	1	1	0	1	0	1	0	1	2	5
1091	0	0	0	2	0	0	0	0	0	0	2	2	2	1	1	0	0	0	2	1	7
1092	0	0	1	1	0	0	0	1	1	1	2	0	1	0	0	1	1	1	1	2	5
1093	0	0	0	1	0	0	0	1	0	0	1	0	1	2	2	1	1	0	2	0	6
1094	1	1	0	1	1	0	0	1	0	0	1	1	2	0	0	0	0	0	1	2	5
1095	1	1	0	1	1	0	0	1	0	1	1	0	1	0	0	0	2	0	1	2	5
1096	0	0	0	2	0	0	0	2	0	0	0	0	0	0	1	1	1	1	0	1	1
1097	0	1	0	1	1	1	0	1	0	1	0	0	2	1	0	1	2	0	1	0	3
1098	0	1	0	1	1	0	1	1	0	0	2	1	1	0	1	1	2	1	2	2	8
1099	0	0	0	0	0	1	0	1	0	0	0	2	2	1	0	0	1	0	1	0	3
1100	0	1	0	0	1	0	1	1	0	1	0	1	1	0	0	0	1	0	0	1	1
1101	1	2	0	2	0	0	0	1	0	0	0	0	1	1	2	1	0	1	1	2	5
1102	0	0	0	0	1	0	0	0	0	0	1	2	1	1	1	0	1	0	0	1	1
1103	0	1	0	1	1	0	0	1	1	1	1	0	1	0	1	0	1	1	1	2	5
1104	0	0	0	0	1	0	0	1	0	1	1	1	1	2	1	0	0	0	2	1	7
1105	1	1	0	0	2	0	1	0	0	1	1	0	2	2	0	0	1	0	1	0	3
1106	0	1	1	1	0	0	2	2	0	1	1	1	1	1	0	1	1	0	1	2	5
1107	0	0	0	0	1	0	0	0	0	1	1	0	1	0	1	0	2	1	0	1	1
1108	0	1	0	2	2	0	0	1	0	1	1	2	0	1	1	0	1	0	0	1	1
1109	1	0	0	0	0	0	0	1	0	1	0	0	0	2	2	0	1	0	0	0	0
1110	1	0	0	1	0	1	0	1	0	1	0	1	1	0	0	0	2	0	1	0	3
1111	0	0	1	1	1	0	1	1	0	0	1	1	0	0	1	0	0	0	2	1	7
1112	0	0	0	0	1	0	0	1	0	0	0	2	1	2	2	0	0	0	0	1	1
1113	1	1	0	0	0	1	0	1	0	1	1	1	2	0	0	0	2	1	0	1	1
1114	0	0	0	1	2	0	1	1	0	0	1	0	1	1	0	0	2	0	2	2	8
1115	0	1	2	0	0	1	0	2	0	0	0	0	1	0	0	2	2	1	2	1	7
1116	0	1	0	1	1	0	1	0	0	1	1	1	2	2	1	1	0	1	2	1	7
1117	0	0	0	0	1	0	0	1	1	1	0	0	1	0	0	0	0	1	2	1	7
1118	0	0	0	1	1	0	1	0	0	1	0	2	0	1	1	0	1	0	0	2	2
1119	0	0	0	1	1	0	0	1	1	0	1	1	2	1	2	0	1	1	0	1	1
1120	0	0	0	1	0	0	0	1	0	0	0	1	1	2	0	1	1	0	1	0	3
1121	1	0	2	0	1	0	0	0	0	0	2	2	1	2	1	0	0	0	1	0	3
1122	0	0	0	1	0	0	0	1	0	1	2	2	0	2	0	1	1	0	0	1	1
1123	0	1	0	2	1	0	1	0	0	1	0	2	1	1	1	1	1	0	0	1	1
1124	0	0	0	1	1	0	0	0	0	0	1	0	0	1	0	0	1	0	1	2	5
1125	0	1	0	2	0	0	1	1	1	0	1	2	0	1	1	1	2	0	0	0	0
1126	0	0	0	0	1	0	1	1	0	0	0	1	0	2	1	0	0	0	0	2	2
1127	0	0	0	0	0	1	0	0	0	1	0	0	0	1	0	0	1	1	1	2	5
1128	0	1	0	2	1	0	0	2	0	0	0	2	1	0	1	0	1	0	1	2	5
1129	0	1	0	1	0	0	0	1	0	0	0	1	1	1	1	1	0	0	0	2	2
1130	0	1	0	2	1	0	0	1	0	1	1	1	0	1	1	1	1	1	0	1	1
1131	0	1	2	0	1	1	2	1	0	0	1	2	1	1	0	0	0	0	2	0	6
1132	1	0	0	0	0	0	0	2	0	1	1	2	1	0	0	0	1	1	0	1	1
1133	0	1	0	0	0	0	1	2	0	0	1	1	2	0	1	0	0	1	2	0	6
1134	0	0	0	0	2	0	0	1	0	2	1	1	0	1	1	0	0	0	2	2	8
1135	0	0	0	0	1	0	0	2	1	0	0	2	1	1	1	0	0	0	1	2	5
1136	1	0	0	1	1	0	1	0	0	1	0	0	0	0	1	0	1	1	0	1	1
1137	0	1	0	1	1	0	0	0	2	1	1	1	1	1	0	1	1	0	2	1	7
1138	1	1	0	1	0	0	0	0	0	0	0	1	0	1	1	1	1	0	1	2	5
1139	1	0	0	0	1	2	0	2	0	1	1	1	2	1	1	0	1	0	1	2	5
1140	0	1	0	0	0	0	0	0	0	1	1	1	1	1	1	0	0	1	1	2	5
1141	0	0	0	1	0	1	0	1	1	1	0	1	0	0	0	0	1	1	2	0	6
1142	0	1	0	1	2	0	1	2	0	1	0	0	1	1	2	0	1	1	1	2	5
1143	1	0	0	0	1	0	0	1	1	0	0	1	1	1	1	1	0	1	1	0	3
1144	0	0	0	1	1	0	0	1	0	0	0	0	1	1	1	1	2	0	1	0	3
1145	0	0	1	1	1	0	1	0	0	0	0	0	0	0	0	0	0	0	1	2	5
1146	0	2	0	1	0	0	0	1	0	0	1	0	0	1	0	1	1	0	0	1	1
1147	1	0	0	2	1	0	0	1	0	0	0	0	1	0	1	0	1	1	2	1	7
1148	0	0	1	1	1	0	0	0	1	0	0	2	2	2	0	1	1	1	1	0	3
1149	1	1	0	0	1	0	0	1	1	1	1	2	1	1	1	0	2	0	1	0	3
1150	0	0	0	1	1	1	0	1	0	0	1	0	2	1	2	0	1	1	1	2	5
1151	2	0	0	1	1	0	0	1	1	1	0	1	0	1	1	1	0	1	0	1	1
1152	0	0	0	1	1	0	0	0	0	0	1	1	1	0	1	0	0	0	2	0	6
1153	0	0	1	2	1	0	0	2	0	1	0	1	2	0	0	0	0	0	2	1	7
1154	1	1	0	1	1	0	2	1	0	0	1	1	1	2	1	0	0	0	0	1	1
1155	0	1	0	1	1	0	0	1	0	1	1	1	0	0	1	0	0	0	0	2	2
1156	0	1	0	2	1	0	0	2	0	1	1	1	1	1	1	0	1	0	1	0	3
1157	1	0	0	1	0	0	0	0	0	1	2	1	1	1	1	0	1	0	0	2	2
1158	0	1	1	0	0	0	2	1	0	1	0	0	1	1	2	0	1	0	0	1	1
1159	0	0	0	1	1	0	0	1	0	0	0	1	2	0	1	0	1	0	0	2	2
1160	1	0	1	1	1	0	0	2	0	1	1	1	1	0	1	1	0	0	1	0	3
1161	0	0	0	1	1	0	2	1	1	2	0	1	1	1	0	1	0	0	0	1	1
1162	0	0	0	1	1	0	1	0	0	0	0	1	1	2	1	0	0	0	1	0	3
1163	0	0	1	0	2	1	0	1	0	1	1	2	1	1	1	0	0	0	0	1	1
1164	0	0	0	2	1	0	1	1	0	0	1	0	0	2	0	0	1	1	2	1	7
1165	0	0	0	2	2	0	0	2	0	0	1	1	0	0	2	0	1	0	1	2	5
1166	1	0	0	0	0	0	1	1	1	0	0	0	1	2	0	1	0	1	2	0	6
1167	0	1	0	0	1	0	0	1	0	2	1	0	2	0	1	0	1	0	1	2	5
1168	0	1	0	1	0	0	1	0	0	0	1	1	2	1	1	0	1	0	1	2	5
1169	0	0	0	0	1	1	0	0	0	0	0	1	0	2	1	0	1	1	1	2	5
1170	0	1	0	1	1	1	0	0	0	2	1	1	2	0	2	0	0	0	1	2	5
1171	1	0	0	1	2	0	0	1	0	0	0	1	0	2	0	1	1	0	1	0	3
1172	1	1	0	1	2	0	0	2	0	0	2	0	0	1	0	0	0	0	2	1	7
1173	0	0	1	2	1	1	0	1	0	1	0	0	1	0	0	0	1	0	0	1	1
1174	1	0	1	0	0	0	0	1	0	0	0	1	2	1	0	0	0	0	0	0	0
1175	1	2	0	0	1	0	1	1	0	2	1	0	0	2	0	1	1	0	1	0	3
1176	0	0	1	2	1	0	0	2	0	1	1	0	2	0	1	0	1	0	1	0	3
1177	0	0	0	0	0	0	1	0	0	1	0	1	0	1	2	0	0	1	1	0	3
1178	0	0	1	0	1	0	1	2	0	1	1	2	0	1	1	1	0	0	0	2	2
1179	0	0	0	1	0	0	0	0	1	2	2	1	1	1	1	0	1	1	0	0	0
1180	0	0	0	0	1	0	1	1	0	0	2	0	0	0	1	1	1	0	0	1	1
1181	1	0	0	2	1	0	0	1	0	0	0	1	0	1	1	1	0	0	0	2	2
1182	0	0	0	2	1	0	1	1	0	1	1	2	0	0	0	1	2	0	0	1	1
1183	0	0	1	1	2	0	0	2	0	0	0	0	0	1	1	0	1	1	2	0	6
1184	0	1	0	2	0	0	0	1	0	0	0	0	0	1	1	1	0	0	2	0	6
1185	0	1	1	0	1	0	0	1	0	0	1	2	1	1	1	0	0	0	0	1	1
1186	1	1	0	1	1	0	0	1	0	1	0	1	1	1	0	0	1	1	2	1	7
1187	1	0	1	1	0	1	0	1	0	0	1	2	0	1	0	0	0	0	2	1	7
1188	0	0	1	1	1	0	1	2	0	2	1	0	0	0	1	1	1	0	2	1	7
1189	1	1	0	1	2	1	0	1	0	1	0	0	1	1	0	0	2	0	0	1	1
1190	0	0	0	1	0	0	1	2	0	0	1	2	0	0	0	0	0	0	1	0	3
1191	0	1	0	1	1	0	1	0	0	0	0	1	2	1	1	0	2	1	0	1	1
1192	0	0	1	1	2	0	0	0	0	1	1	0	0	1	0	0	0	0	0	2	2
1193	0	0	0	1	1	0	0	0	0	1	0	2	0	1	1	1	1	1	2	0	6
1194	0	0	0	0	1	0	0	0	0	1	0	1	0	1	2	0	2	1	0	0	0
1195	1	0	0	2	1	0	0	0	0	0	2	2	1	0	1	0	1	0	1	0	3
1196	0	0	0	0	1	0	0	2	0	1	0	0	2	2	1	1	2	1	2	0	6
1197	1	1	0	0	2	0	0	1	0	2	0	1	2	0	2	0	0	0	2	0	6
1198	0	0	0	1	1	0	1	0	0	1	1	1	1	0	1	0	0	0	0	1	1
1199	0	1	0	2	0	0	1	1	0	1	0	0	0	1	0	1	0	1	0	1	1
1200	1	0	0	1	0	0	0	0	0	1	1	1	1	1	1	0	1	0	1	0	3
1201	0	0	0	0	2	0	0	2	0	2	1	0	1	1	1	0	1	0	2	0	6
1202	0	1	1	2	1	0	0	0	0	1	1	0	0	0	2	1	1	0	2	1	7
1203	1	1	0	1	0	0	0	0	0	1	0	0	1	0	0	0	2	0	0	0	0
1204	0	1	0	0	1	0	0	1	0	0	0	1	2	1	0	1	1	0	1	0	3
1205	1	0	0	0	0	0	0	2	0	0	0	1	1	2	1	0	1	1	1	0	3
1206	0	1	1	0	0	0	0	0	0	0	0	0	2	1	0	0	2	0	0	1	1
1207	0	1	0	1	0	0	1	2	2	1	0	1	2	2	2	1	0	1	2	0	6
1208	0	0	0	0	2	0	0	2	1	0	0	1	2	1	1	0	1	0	2	0	6
1209	0	1	0	1	1	0	2	2	0	1	0	0	0	1	1	0	1	0	0	0	0
1210	0	0	0	0	1	0	0	1	0	1	1	2	1	2	1	0	0	0	2	1	7
1211	0	1	1	1	2	0	0	1	0	0	0	1	0	1	0	1	1	1	2	1	7
1212	0	0	1	0	0	0	0	1	1	0	1	1	1	0	1	0	2	1	0	0	0
1213	0	0	0	1	1	0	0	1	0	0	1	1	2	0	2	1	0	0	2	0	6
1214	0	1	0	1	1	0	1	1	0	0	1	1	1	2	0	0	0	0	2	1	7
1215	0	0	0	1	1	0	0	1	0	0	1	2	0	1	1	0	0	1	0	1	1
1216	0	0	1	0	2	0	0	1	1	0	1	0	1	2	1	0	1	0	0	0	0
1217	0	0	0	1	0	0	0	0	0	0	1	1	1	1	1	0	0	1	2	1	7
1218	1	2	0	0	0	1	0	1	0	1	0	1	2	1	1	1	0	0	0	0	0
1219	1	0	0	1	1	0	0	1	1	0	0	1	0	1	2	0	1	0	2	2	8
1220	0	0	0	0	1	1	0	1	0	0	0	1	2	0	1	0	1	1	1	0	3
1221	0	1	0	1	2	0	0	1	0	1	1	0	1	2	1	0	2	0	2	0	6
1222	0	0	0	1	1	0	0	0	0	1	0	1	0	0	1	1	1	0	1	0	3
1223	0	0	0	1	0	0	0	1	0	1	1	1	0	1	0	1	1	0	2	2	8
1224	0	0	0	0	0	0	0	2	0	0	2	0	1	0	0	0	0	2	1	0	3
1225	0	0	1	2	0	0	0	1	0	1	0	1	1	1	1	1	1	0	0	2	2
1226	0	1	0	1	1	0	0	2	0	1	1	0	1	0	1	2	0	0	1	0	3
1227	1	1	1	1	1	1	0	1	0	0	0	2	0	2	0	0	0	0	1	0	3
1228	0	0	0	0	1	0	0	1	0	1	1	2	0	0	0	0	1	0	2	0	6
1229	1	0	0	0	1	0	2	1	0	1	1	2	2	0	1	0	0	0	0	0	0
1230	0	0	0	1	0	0	0	0	0	0	1	1	1	0	0	0	1	1	0	0	0
1231	0	1	0	0	1	0	0	1	0	0	1	0	0	1	2	1	1	0	0	0	0
1232	0	0	0	2	0	0	0	2	0	1	1	0	1	0	0	0	2	2	2	2	8
1233	0	0	0	1	0	1	0	1	0	0	0	1	1	0	1	0	1	0	0	2	2
1234	0	0	0	0	1	0	1	1	0	1	2	0	2	0	1	0	0	0	0	2	2
1235	0	0	0	1	1	0	0	1	0	0	0	0	0	0	0	1	0	0	0	0	0
1236	2	0	0	1	1	0	1	1	0	0	0	2	2	1	0	0	1	0	2	0	6
1237	0	1	1	1	1	0	0	1	1	0	0	2	1	1	0	0	0	0	0	2	2
1238	0	0	0	0	1	0	0	1	0	1	0	2	0	1	1	1	1	0	0	2	2
1239	0	0	0	2	0	0	0	1	0	1	0	2	2	1	1	0	1	0	2	2	8
1240	2	1	1	1	0	1	0	1	0	1	0	0	0	1	1	0	0	1	0	2	2
1241	0	1	0	1	1	0	0	2	0	0	1	1	2	0	1	0	1	0	2	2	8
1242	0	1	0	1	1	0	1	1	0	0	0	1	0	0	1	0	0	0	2	2	8
1243	0	1	0	1	2	0	1	1	0	0	2	1	1	1	1	0	1	1	0	2	2
1244	0	0	0	1	1	0	0	0	0	0	1	1	0	1	0	1	0	1	2	2	8
1245	1	0	0	0	1	0	0	1	1	0	1	0	2	1	1	0	2	0	2	0	6
1246	0	1	0	1	0	0	0	0	0	2	0	2	1	1	1	0	2	0	0	2	2
1247	0	0	1	1	1	0	1	1	0	1	1	1	0	0	1	0	0	0	2	0	6
1248	0	1	0	1	0	0	1	1	0	1	1	0	2	0	2	0	1	1	2	2	8
1249	1	0	0	1	0	0	0	2	0	1	1	2	0	0	0	1	1	0	2	0	6
1250	0	0	0	2	0	0	1	1	0	0	1	1	0	0	0	0	0	0	0	0	0
1251	0	0	0	0	1	0	0	0	0	0	1	2	1	1	0	0	0	1	0	0	0
1252	0	1	1	2	2	0	0	2	0	1	1	0	0	0	2	0	1	1	0	2	2
1253	0	1	0	1	1	0	2	1	0	0	0	1	1	1	2	0	2	0	2	0	6
1254	0	0	1	1	1	0	1	2	0	0	1	1	1	1	0	0	1	0	0	0	0
1255	0	1	0	0	0	0	1	2	1	2	0	1	1	1	1	1	0	0	2	2	8
1256	1	2	0	1	1	0	2	0	0	0	0	0	1	1	0	1	0	0	0	0	0
1257	0	1	0	2	0	0	0	2	0	0	2	2	1	1	0	1	1	1	2	2	8
1258	1	1	0	0	1	0	0	0	0	0	2	2	2	1	0	0	0	1	0	0	0
1259	0	0	1	1	1	1	1	1	0	0	1	2	0	1	1	1	1	0	2	2	8
1260	0	0	1	0	2	0	0	1	0	1	0	0	1	1	1	1	1	0	0	0	0
1261	0	0	0	1	0	0	1	1	0	0	1	1	0	1	1	0	0	0	0	0	0
1262	0	0	0	2	2	1	1	1	0	0	0	1	0	1	0	1	0	0	0	0	0
1263	0	1	1	1	2	1	0	2	1	0	1	0	1	1	0	0	1	0	2	0	6
1264	0	0	0	2	1	0	1	2	1	0	1	0	1	1	1	0	1	1	2	0	6
1265	1	0	0	1	2	1	2	1	0	0	0	1	0	0	1	0	0	0	0	2	2
1266	1	1	0	0	1	0	1	1	0	1	2	1	2	1	2	0	1	0	2	2	8
1267	1	1	0	1	0	0	1	1	0	1	2	0	0	1	1	0	1	0	2	0	6
1268	0	0	0	0	0	0	0	1	0	0	1	1	0	2	0	0	2	0	2	2	8
1269	0	1	0	1	0	0	0	1	0	0	0	1	0	1	0	0	0	1	2	0	6
1270	0	1	0	0	2	1	0	1	0	0	1	0	1	2	2	1	0	0	0	2	2
1271	0	0	0	0	0	0	0	0	0	0	1	1	0	2	0	0	1	1	2	2	8
1272	0	0	0	1	0	1	1	2	0	0	0	2	2	2	1	0	0	0	2	0	6
1273	0	1	0	1	2	0	0	1	0	0	0	2	0	2	0	0	2	0	2	2	8
1274	0	1	0	0	1	0	2	1	0	1	0	1	1	1	0	0	1	0	0	2	2
1275	0	0	0	1	1	0	0	2	0	0	0	0	0	1	0	2	1	0	0	2	2
1276	1	1	0	1	0	0	0	2	0	0	1	1	1	0	1	0	1	0	0	2	2
1277	0	0	0	1	0	0	0	1	0	0	0	0	0	0	1	0	0	0	2	2	8
1278	0	1	1	2	2	0	1	1	0	0	1	1	1	1	0	1	1	0	2	2	8
1279	0	0	2	2	0	0	0	1	0	0	0	0	2	1	1	1	1	0	2	2	8
1280	0	1	0	0	1	0	1	1	0	1	1	2	0	1	0	0	1	0	0	0	0
1281	0	0	0	2	1	0	1	1	0	0	1	1	0	2	1	0	1	1	2	2	8
1282	0	0	0	1	2	1	1	2	0	0	1	0	0	0	1	0	1	0	2	2	8
1283	0	0	0	1	0	0	0	1	0	1	1	0	0	1	1	1	1	0	0	0	0
1284	0	0	0	0	1	0	0	2	0	1	0	0	1	0	0	0	2	1	0	0	0
1285	0	2	0	0	2	0	0	1	0	0	2	0	0	0	0	0	0	0	2	2	8
1286	0	0	0	2	1	0	1	1	0	1	1	1	0	1	1	1	0	0	0	0	0
1287	0	0	0	0	0	0	0	2	0	0	0	0	1	2	2	0	0	0	0	2	2
1288	0	1	1	1	0	0	0	1	0	2	1	1	1	0	2	0	1	0	0	0	0
1289	0	0	0	1	0	0	0	0	0	0	1	2	1	2	1	0	1	0	0	2	2
1290	1	0	0	2	2	0	0	1	0	0	0	0	1	1	1	1	0	0	2	2	8
1291	0	0	0	2	1	0	0	0	0	0	0	2	1	0	1	0	0	0	0	0	0
1292	1	0	0	1	0	0	0	2	0	2	0	2	0	1	0	0	1	0	0	0	0
1293	0	0	0	0	2	0	0	1	0	1	0	0	1	1	0	1	2	1	2	2	8
1294	0	0	1	2	0	1	1	0	0	1	1	1	0	0	1	1	2	0	2	2	8
1295	0	1	0	1	0	1	1	1	0	0	1	2	1	0	1	0	2	0	0	2	2
1296	0	0	1	0	2	0	0	1	0	0	1	1	0	2	1	1	1	1	0	2	2
1297	0	0	0	2	1	1	1	0	0	0	1	1	2	1	0	1	0	0	2	0	6
1298	0	1	1	2	1	0	1	2	0	0	0	0	1	1	0	1	1	0	2	2	8
1299	1	0	0	0	0	0	1	1	0	0	2	0	1	0	1	0	1	1	2	0	6
1300	0	1	0	0	0	0	0	1	0	2	0	0	0	1	1	0	0	1	2	0	6
1301	0	1	0	1	1	0	0	2	0	1	0	0	0	1	1	0	2	0	0	2	2
1302	0	0	0	2	0	1	0	2	0	0	1	1	0	1	1	0	2	0	2	0	6
1303	1	1	2	0	2	0	0	2	0	1	0	0	0	1	0	0	1	0	0	2	2
1304	0	1	0	0	0	0	0	1	0	1	1	1	2	0	1	0	0	0	2	2	8
1305	1	0	0	2	1	0	1	2	0	1	1	2	2	1	1	0	0	0	2	2	8
1306	0	0	0	2	2	0	1	0	0	1	0	0	1	0	1	0	0	0	2	2	8
1307	0	0	0	1	1	1	0	1	0	1	0	0	0	0	1	0	0	0	0	0	0
1308	0	0	0	1	0	0	1	1	0	0	0	1	1	0	1	0	0	0	0	2	2
1309	0	0	0	1	1	0	0	2	0	0	0	1	0	1	1	0	0	1	2	2	8
1310	0	1	0	1	1	0	0	1	0	0	1	1	0	0	1	0	0	1	0	2	2
1311	1	1	1	1	1	0	1	1	0	1	1	1	0	1	2	1	1	0	0	2	2
1312	0	0	0	1	2	0	1	1	0	1	0	1	1	1	0	0	1	1	0	0	0
1313	2	0	0	1	2	0	0	1	0	0	0	1	1	0	0	0	2	0	0	0	0
1314	0	1	0	2	1	1	0	1	0	1	1	1	0	1	0	0	1	0	2	2	8
1315	0	0	0	0	1	0	0	1	0	0	0	0	0	2	1	1	1	0	2	2	8
1316	0	0	0	1	2	0	0	0	0	0	0	1	0	2	0	1	1	1	0	0	0
1317	0	1	0	1	1	0	0	1	0	2	1	0	0	1	0	0	1	0	2	0	6
1318	0	0	0	1	1	1	1	2	0	0	1	2	1	0	1	0	0	1	2	2	8
1319	0	1	0	1	0	1	0	1	0	0	1	0	2	1	1	1	0	1	2	2	8
1320	1	1	0	1	2	0	0	1	0	0	0	0	1	0	1	1	0	1	0	0	0
1321	0	1	0	0	0	0	0	1	1	0	0	2	1	0	2	0	0	0	2	0	6
1322	0	0	1	1	1	0	0	1	0	1	2	1	0	1	1	0	0	1	0	0	0
1323	0	1	1	1	1	0	0	2	0	1	1	2	0	2	1	0	0	0	2	2	8
1324	0	1	0	0	1	0	0	1	0	1	0	1	1	1	1	0	0	1	0	2	2
1325	1	1	0	0	1	0	1	2	0	1	0	0	0	0	1	0	0	1	0	2	2
1326	0	0	0	1	2	0	0	2	0	2	1	1	1	0	1	1	1	0	0	0	0
1327	0	0	0	0	1	1	0	2	0	0	0	1	0	0	1	1	0	2	0	0	0
1328	0	0	1	2	0	0	0	1	0	1	1	1	1	0	0	0	0	0	2	2	8
1329	0	0	0	1	2	1	0	1	0	0	2	1	1	1	0	1	0	0	0	0	0
1330	0	0	0	2	0	0	0	1	0	0	0	0	0	1	1	1	0	0	0	0	0
1331	0	1	0	2	1	0	1	2	1	0	1	0	1	1	0	2	1	0	2	2	8
1332	1	0	0	1	0	0	0	0	0	2	2	2	0	0	1	0	1	0	0	0	0
1333	0	1	0	1	1	1	1	0	0	1	2	0	1	0	2	0	2	0	0	2	2
1334	0	0	0	1	0	1	1	2	0	2	1	0	0	0	1	0	0	0	0	0	0
1335	0	1	0	0	2	0	0	2	0	1	1	0	1	1	1	1	2	0	2	0	6
1336	0	0	0	1	1	0	0	2	0	2	0	1	1	2	1	0	0	0	2	0	6
1337	1	0	0	2	2	1	0	1	1	0	1	2	2	1	1	1	0	0	0	0	0
1338	0	0	0	1	0	0	0	1	0	2	1	1	1	2	0	0	1	1	2	0	6
1339	0	0	0	0	0	1	0	2	1	1	1	0	0	1	0	0	1	0	0	0	0
1340	1	0	0	1	1	0	1	1	0	0	0	1	2	0	0	0	1	1	2	0	6
1341	1	1	0	1	1	0	0	2	0	2	1	2	1	1	1	0	1	0	0	2	2
1342	0	1	0	1	2	0	0	1	0	1	0	1	0	1	2	0	0	0	0	0	0
1343	1	1	0	1	1	0	1	1	1	0	1	1	1	1	1	1	0	0	2	0	6
1344	0	0	0	0	1	0	0	1	1	1	1	0	1	0	2	0	0	0	2	2	8
1345	0	0	0	0	1	0	0	1	1	1	0	1	1	1	0	0	0	0	0	0	0
1346	0	1	0	1	0	0	0	1	0	0	0	0	1	0	0	1	0	0	0	2	2
1347	0	0	1	1	1	0	1	2	1	1	1	0	1	0	0	0	1	0	0	2	2
1348	1	0	0	1	2	0	0	1	1	0	1	0	1	1	1	0	0	0	0	0	0
1349	0	0	0	1	0	0	1	1	0	0	1	1	1	2	2	0	0	2	0	2	2
1350	1	0	1	1	1	0	1	1	0	1	1	1	0	2	0	0	1	0	2	2	8
1351	0	0	0	0	1	0	0	1	0	0	0	1	1	0	2	0	0	1	2	0	6
1352	0	0	1	0	1	0	0	2	0	1	0	0	0	0	1	0	1	1	2	0	6
1353	0	0	0	1	1	0	0	1	0	0	0	0	1	1	1	1	1	0	0	2	2
1354	0	1	0	1	1	1	1	1	0	1	0	1	2	0	1	1	0	1	2	2	8
1355	0	1	0	1	1	0	1	1	1	2	1	1	1	1	1	0	0	2	0	2	2
1356	0	0	1	0	1	0	0	2	1	2	2	0	1	2	1	1	0	0	2	0	6
1357	0	0	0	1	1	0	0	1	2	1	1	1	0	1	0	1	0	1	2	0	6
1358	1	0	2	2	1	0	0	1	0	1	1	0	1	1	1	0	0	2	2	0	6
1359	0	0	0	2	2	0	1	0	0	0	1	2	1	1	0	0	1	0	0	0	0
1360	0	1	0	1	1	0	2	2	0	1	0	0	0	0	0	1	0	0	0	2	2
1361	0	2	0	0	1	0	0	0	0	0	1	1	0	0	1	0	1	0	2	0	6
1362	0	1	0	1	0	0	1	2	0	1	0	0	1	1	1	0	0	1	2	2	8
1363	0	0	0	1	0	0	0	0	0	1	2	2	1	1	1	0	0	1	0	2	2
1364	0	1	0	0	0	0	1	1	0	0	1	1	1	0	1	0	1	0	0	2	2
1365	0	0	0	1	0	0	0	0	1	0	1	0	2	2	1	0	1	1	2	2	8
1366	0	0	0	1	2	0	0	1	0	0	0	1	0	0	0	0	0	1	0	2	2
1367	0	1	0	1	1	0	0	0	0	1	0	0	1	1	1	0	0	0	0	2	2
1368	0	0	0	1	1	1	1	2	0	1	1	0	2	0	2	0	2	0	2	2	8
1369	0	1	0	2	1	0	0	0	0	0	0	1	2	0	0	1	0	1	2	2	8
1370	1	1	0	1	1	0	0	0	0	1	1	0	1	0	0	0	0	1	0	2	2
1371	0	0	2	0	2	0	0	1	0	0	2	2	0	0	1	1	0	0	2	2	8
1372	0	0	0	1	1	0	0	1	0	0	1	2	0	0	1	0	2	0	0	2	2
1373	0	0	0	1	1	0	0	0	0	1	1	1	1	1	1	1	0	0	2	0	6
1374	0	1	0	0	0	0	1	0	0	1	0	1	1	0	0	0	0	0	2	2	8
1375	0	1	0	1	2	0	1	1	0	0	1	1	1	1	0	0	2	1	2	0	6
1376	0	1	0	2	2	0	0	1	0	0	1	2	2	0	1	0	2	0	2	2	8
1377	1	0	0	0	0	0	0	2	0	0	0	1	2	1	1	0	1	0	0	0	0
1378	0	0	0	1	1	1	0	2	0	1	0	1	1	1	0	0	0	2	2	0	6
1379	0	0	0	1	1	1	0	1	0	2	1	1	0	0	1	0	1	0	0	2	2
1380	0	1	0	0	2	2	2	2	0	2	0	2	0	1	0	0	1	1	2	2	8
1381	0	0	0	2	1	0	0	1	0	1	1	1	1	0	1	0	0	0	0	0	0
1382	0	0	0	0	1	0	0	2	0	0	1	1	1	1	1	0	1	1	2	0	6
1383	1	0	0	0	2	0	0	0	0	0	1	1	1	1	2	0	0	0	0	0	0
1384	0	0	0	0	2	0	0	0	0	2	1	1	1	1	1	0	0	1	0	0	0
1385	0	0	0	2	1	1	0	2	0	1	0	0	0	1	0	1	0	0	0	2	2
1386	0	1	0	0	2	0	0	1	0	1	0	1	2	1	0	0	0	0	0	0	0
1387	1	0	0	1	1	0	0	1	0	1	0	1	1	1	1	0	1	0	0	2	2
1388	0	0	0	1	0	0	0	0	0	0	0	2	1	1	2	1	0	0	2	0	6
1389	0	0	0	0	2	0	0	2	0	1	0	0	2	1	0	1	1	1	0	0	0
1390	0	0	0	1	2	0	1	0	0	0	1	0	1	0	1	0	0	0	2	2	8
1391	0	0	1	1	2	0	0	0	0	0	1	0	1	2	1	0	0	0	0	0	0
1392	0	0	1	1	0	0	0	1	1	0	1	0	1	2	0	0	0	0	0	2	2
1393	0	0	0	1	1	0	1	1	0	0	0	0	1	1	2	1	1	0	0	2	2
1394	1	1	0	0	1	0	0	2	0	1	0	1	2	1	0	0	1	0	2	0	6
1395	0	0	0	1	1	0	1	2	1	1	0	1	1	2	0	1	0	1	0	0	0
1396	0	0	0	2	2	0	1	1	0	1	0	1	0	1	0	1	1	1	0	2	2
1397	0	0	0	0	1	0	0	1	0	1	1	1	1	0	1	1	2	1	0	0	0
1398	1	1	0	2	0	0	0	0	0	0	1	0	0	1	1	0	1	0	0	2	2
1399	1	0	0	0	1	0	2	1	0	1	1	0	0	1	1	0	1	1	0	0	0
1400	0	2	2	0	2	0	1	1	0	0	1	0	0	2	0	1	1	0	0	2	2
1401	0	1	1	0	0	0	1	1	0	1	2	2	0	2	0	0	0	0	0	2	2
1402	0	1	0	0	0	1	0	2	0	0	1	1	2	1	1	0	1	0	0	2	2
1403	0	1	0	1	2	1	0	1	0	0	0	0	1	1	1	0	1	0	0	0	0
1404	0	1	1	2	0	0	0	2	0	0	2	2	0	1	0	0	0	0	0	0	0
1405	1	0	0	1	2	1	0	1	0	0	1	2	0	0	0	0	0	0	0	2	2
1406	1	1	0	1	1	0	0	2	0	0	0	1	0	0	1	0	0	0	2	0	6
1407	0	0	1	1	2	0	0	0	0	1	0	1	1	1	1	0	0	0	2	2	8
1408	1	0	0	1	2	1	0	2	0	1	1	1	1	2	1	0	1	1	0	0	0
1409	0	0	0	1	1	0	0	1	0	1	0	2	1	1	1	0	1	1	2	0	6
1410	0	1	1	0	2	0	0	1	0	0	1	1	0	0	2	0	0	0	2	2	8
1411	1	0	0	1	2	0	1	1	0	2	1	1	0	0	0	0	0	0	0	2	2
1412	0	1	0	0	1	0	0	1	0	0	1	1	1	0	1	1	1	0	2	2	8
1413	0	0	0	2	1	1	0	1	0	1	1	2	0	0	2	1	2	0	2	2	8
1414	0	1	0	0	1	0	0	1	0	2	2	0	0	2	0	1	2	1	2	0	6
1415	1	0	0	2	1	0	0	2	0	1	2	0	1	1	2	0	2	0	0	2	2
1416	0	1	2	0	1	0	0	1	0	2	0	2	1	0	0	1	1	1	2	0	6
1417	1	0	0	1	0	0	0	1	0	0	1	0	2	0	1	1	0	0	2	0	6
1418	0	0	0	2	1	0	0	2	0	0	1	1	0	1	1	0	0	0	2	2	8
1419	1	0	0	0	2	1	1	0	1	1	0	2	1	1	1	0	2	0	0	2	2
1420	1	0	0	1	1	0	0	1	0	0	1	1	0	2	1	0	1	0	0	0	0
1421	0	0	0	1	1	0	0	1	0	0	0	2	1	0	0	0	1	1	2	2	8
1422	0	0	1	0	0	1	0	0	0	0	1	2	0	0	1	0	1	1	0	0	0
1423	1	1	1	0	0	1	1	2	0	0	0	1	2	1	1	0	1	0	2	0	6
1424	0	1	0	1	1	0	1	2	0	1	0	0	1	2	1	0	0	0	2	2	8
1425	0	0	0	0	2	0	1	1	0	0	1	0	0	0	2	0	0	0	2	2	8
1426	0	2	0	1	2	1	1	1	0	0	0	0	0	0	1	0	1	0	2	0	6
1427	0	0	0	0	1	0	0	1	0	0	1	0	0	1	2	0	1	1	0	0	0
1428	0	1	0	2	1	0	0	0	0	0	1	0	0	0	1	0	1	0	2	0	6
1429	0	1	0	2	1	0	0	1	0	1	1	1	1	1	2	0	1	0	0	0	0
1430	0	1	1	1	0	0	0	1	0	2	1	1	1	1	0	0	0	0	2	0	6
1431	0	1	0	2	2	0	0	1	0	0	2	0	0	0	1	1	0	0	0	2	2
1432	0	0	0	2	2	0	0	1	0	0	1	1	1	0	0	0	2	1	2	0	6
1433	0	0	0	1	0	1	1	1	0	1	0	2	2	0	0	0	0	0	0	2	2
1434	0	1	0	1	1	0	0	1	0	1	1	0	1	0	1	0	2	0	0	0	0
1435	0	0	1	0	1	0	1	2	0	0	1	2	1	1	1	1	0	1	0	0	0
1436	0	1	0	0	1	0	0	1	0	0	1	1	0	1	2	0	0	0	2	2	8
1437	0	1	0	0	2	1	1	0	0	0	1	2	1	0	1	0	0	1	0	2	2
1438	0	0	0	0	1	0	1	2	0	1	0	1	1	1	1	0	0	0	2	2	8
1439	0	0	0	1	1	0	0	2	0	0	0	2	1	0	0	0	1	0	0	2	2
1440	0	0	0	1	1	0	1	0	0	0	0	1	0	1	0	0	1	0	0	0	0
1441	0	0	0	0	1	0	0	0	1	0	1	1	0	2	0	0	0	0	0	2	2
1442	0	0	1	1	1	0	0	1	1	1	0	0	1	1	0	0	2	0	0	2	2
1443	0	1	1	0	1	0	0	0	0	0	0	1	0	0	1	1	1	0	0	2	2
1444	1	1	0	0	0	0	0	0	0	0	1	1	1	1	2	0	1	0	2	2	8
1445	0	0	1	1	1	0	1	1	1	1	1	2	1	1	0	0	0	0	0	2	2
1446	1	0	0	1	0	0	0	1	0	1	0	1	1	2	1	0	1	0	0	0	0
1447	1	0	0	0	1	0	0	1	0	0	1	1	1	1	0	0	1	1	2	0	6
1448	1	0	0	2	0	0	1	0	0	0	1	0	2	0	0	1	0	0	2	0	6
1449	0	0	0	0	2	0	0	2	0	2	1	2	1	0	1	1	0	0	2	0	6
1450	1	1	0	1	1	0	0	1	0	1	1	1	1	2	0	0	1	0	2	2	8
1451	1	0	0	1	0	1	1	1	0	0	0	0	0	1	1	1	2	0	2	0	6
1452	0	1	0	0	2	0	0	0	0	0	0	0	0	0	2	0	0	0	0	2	2
1453	0	0	1	2	1	1	1	2	0	0	1	1	1	1	1	0	0	0	0	0	0
1454	1	1	0	2	1	0	1	0	0	2	0	0	0	2	1	0	0	0	0	2	2
1455	0	1	0	1	1	0	1	1	0	0	2	1	1	1	1	0	2	0	0	2	2
1456	0	1	0	0	1	0	1	2	0	0	0	1	1	1	2	0	0	1	0	2	2
1457	0	0	1	0	0	0	0	2	1	0	0	2	2	0	1	0	2	0	0	2	2
1458	0	1	0	1	2	0	0	0	0	0	1	1	0	1	0	0	0	1	0	0	0
1459	0	0	0	1	0	0	1	1	0	0	0	1	1	1	2	0	1	0	0	2	2
1460	1	1	0	0	1	1	1	1	0	0	1	0	0	0	1	0	0	0	2	2	8
1461	0	1	0	1	0	0	1	2	0	1	1	1	1	1	0	0	0	0	2	2	8
1462	0	1	0	1	2	0	1	2	0	0	0	1	0	1	0	1	0	0	0	2	2
1463	0	0	0	0	1	0	0	1	1	0	2	1	2	1	0	0	0	0	2	0	6
1464	1	0	0	1	1	1	0	1	0	1	1	1	0	1	1	2	0	0	2	2	8
1465	0	1	0	0	0	0	2	2	0	0	1	2	0	0	1	0	1	1	2	0	6
1466	1	1	1	1	1	1	0	1	0	1	1	1	1	1	1	0	0	0	0	2	2
1467	1	1	1	1	1	0	0	1	0	0	2	0	1	2	0	2	0	0	0	0	0
1468	0	0	0	1	0	0	0	2	0	0	0	1	0	1	1	0	0	0	2	2	8
1469	1	1	0	1	1	0	0	1	0	0	2	2	2	1	1	0	1	0	0	0	0
1470	0	0	0	1	2	1	1	0	0	0	2	1	1	1	1	1	0	0	2	0	6
1471	1	0	0	1	2	1	1	1	0	0	1	0	2	2	0	0	0	0	2	0	6
1472	0	0	0	2	2	0	0	1	0	1	0	1	2	1	1	1	1	0	2	2	8
1473	1	1	0	1	1	1	1	0	0	0	0	0	0	0	0	0	0	0	2	0	6
1474	0	0	0	2	1	0	0	1	0	1	2	1	0	1	1	1	1	2	2	2	8
1475	1	1	0	1	0	0	2	1	0	0	1	0	0	2	1	0	0	0	2	0	6
1476	1	1	0	2	1	0	0	2	0	0	0	0	2	2	0	1	0	0	2	2	8
1477	0	1	1	1	2	0	1	1	0	2	0	1	0	0	1	0	0	0	0	2	2
1478	0	0	0	1	0	1	0	1	0	2	1	2	1	1	1	0	1	1	0	0	0
1479	0	0	0	0	2	1	1	1	0	0	0	1	2	2	2	0	1	0	0	0	0
1480	0	0	0	0	0	1	1	1	0	1	1	1	0	0	2	0	0	0	2	0	6
1481	0	0	0	0	2	1	0	1	0	2	1	2	1	1	1	0	1	0	2	2	8
1482	0	1	0	1	2	1	2	1	1	1	0	1	1	0	0	0	0	1	0	0	0
1483	1	0	0	0	2	0	0	2	0	1	0	1	1	1	1	0	1	1	2	0	6
1484	0	1	0	1	0	0	0	2	0	0	2	1	0	2	0	0	0	0	0	0	0
1485	0	0	1	2	0	1	1	1	1	0	1	0	1	1	2	0	0	0	0	2	2
1486	0	1	0	1	2	0	1	1	0	1	0	1	2	2	0	0	2	0	2	2	8
1487	0	1	0	0	1	0	0	1	0	0	0	1	0	2	0	1	0	1	0	0	0
1488	0	0	1	0	0	0	1	1	0	0	0	1	1	0	0	0	0	1	0	2	2
1489	1	1	0	2	1	0	0	2	0	1	2	1	0	1	1	0	0	0	0	0	0
1490	1	0	0	1	0	0	1	1	0	0	1	1	1	1	0	1	1	0	0	2	2
1491	1	1	0	2	1	0	0	1	0	1	1	1	1	1	0	0	1	1	0	0	0
1492	0	0	1	1	2	0	1	0	0	0	1	1	1	1	1	1	1	0	0	0	0
1493	0	0	0	1	2	1	0	2	0	1	1	0	1	0	1	0	0	1	0	2	2
1494	1	0	0	0	1	0	0	1	1	1	0	2	0	0	1	1	1	2	0	0	0
1495	0	0	0	2	0	0	0	1	0	0	0	0	2	0	2	0	0	1	2	0	6
1496	0	1	0	0	1	0	0	0	0	0	0	2	0	2	0	0	1	1	2	2	8
1497	0	1	0	1	0	0	0	2	0	1	1	0	2	1	1	0	1	1	0	0	0
1498	0	0	0	1	1	1	1	1	0	1	0	0	2	0	2	0	0	2	0	2	2
1499	1	0	0	2	0	0	1	0	0	0	0	1	0	1	0	0	1	0	2	2	8
1500	1	0	0	0	0	0	0	2	0	2	0	1	1	1	1	1	0	0	0	0	0
1501	0	0	0	0	0	0	2	2	0	1	1	1	1	0	1	1	1	0	0	0	0
1502	0	0	0	2	0	0	0	2	0	1	1	0	2	1	0	0	1	1	0	2	2
1503	0	0	0	1	0	1	0	1	0	0	1	0	2	1	0	1	1	0	0	2	2
1504	0	0	0	1	0	0	0	1	0	1	2	0	1	1	0	0	0	0	2	0	6
1505	0	1	0	0	1	0	1	1	0	0	2	0	0	1	0	0	0	0	0	2	2
1506	0	0	1	1	1	0	0	1	0	1	1	1	1	0	2	0	1	0	0	0	0
1507	0	1	1	1	1	0	0	1	1	0	0	0	0	0	1	0	1	1	0	0	0
1508	0	0	0	1	2	0	0	0	0	1	1	1	0	0	2	0	0	0	2	0	6
1509	0	1	1	1	2	1	0	1	1	0	0	1	1	1	1	0	1	0	2	0	6
1510	0	0	0	0	0	0	0	1	0	1	0	0	1	0	0	0	1	0	2	0	6
1511	1	0	0	1	1	0	0	1	0	2	1	1	1	1	1	1	1	1	0	0	0
1512	0	0	0	0	2	0	1	2	0	0	1	0	0	0	1	1	1	1	2	2	8
1513	0	1	0	0	2	0	0	1	0	1	0	0	0	1	1	1	0	0	0	0	0
1514	1	0	1	0	1	1	0	0	0	1	1	2	0	0	0	0	2	0	0	2	2
1515	0	0	0	0	2	1	1	1	0	2	0	1	2	1	0	1	1	0	2	0	6
1516	0	1	0	1	0	1	0	2	0	1	0	0	1	2	0	0	0	1	0	0	0
1517	0	0	1	1	0	0	0	2	0	0	0	2	1	0	1	1	0	0	2	0	6
1518	0	0	0	0	0	0	0	1	0	1	1	1	1	1	0	0	1	0	2	2	8
1519	0	0	0	1	1	0	0	2	0	1	2	2	1	1	0	0	1	0	2	2	8
1520	0	2	0	1	0	0	0	2	1	2	0	1	2	0	1	0	0	0	2	0	6
1521	0	0	0	0	1	1	0	1	0	0	0	2	1	1	1	0	1	0	2	2	8
1522	1	1	1	1	1	0	0	1	0	1	0	1	1	1	1	1	1	0	2	2	8
1523	0	0	0	1	1	0	0	2	0	1	0	0	1	2	0	1	0	2	2	2	8
1524	0	1	0	0	1	0	0	2	0	1	1	0	1	2	1	0	0	0	0	2	2
1525	0	0	0	1	0	0	0	2	0	0	1	1	0	1	0	0	0	0	2	2	8
1526	0	0	0	0	2	0	1	2	0	1	1	1	1	1	1	0	2	0	2	0	6
1527	1	0	1	1	2	0	0	1	0	0	1	2	2	1	0	0	0	0	0	2	2
1528	0	0	1	1	2	0	0	0	0	0	1	2	1	1	1	1	2	0	2	2	8
1529	0	0	0	0	1	0	1	1	0	1	2	2	0	1	1	0	0	1	0	2	2
1530	0	1	0	1	2	0	0	1	0	2	0	1	0	0	0	1	1	1	2	0	6
1531	1	1	0	2	1	0	0	1	0	1	1	1	1	0	2	0	0	0	0	2	2
1532	0	1	0	1	0	1	1	2	0	0	2	0	1	1	1	0	1	1	2	0	6
1533	0	0	1	1	1	0	1	1	1	1	1	0	0	0	1	0	1	0	2	0	6
1534	1	0	0	1	1	0	0	1	0	1	1	1	1	1	1	0	1	0	2	2	8
1535	1	0	0	1	1	0	1	0	0	2	0	1	1	0	0	0	1	1	0	2	2
1536	0	0	1	1	2	0	0	1	0	0	0	0	1	0	0	0	0	0	2	2	8
1537	0	1	0	1	1	0	0	2	0	0	0	0	1	2	1	1	1	0	2	0	6
1538	0	1	0	1	1	0	0	0	0	1	0	2	1	1	1	0	1	1	2	2	8
1539	0	0	0	2	1	0	0	1	0	0	1	0	0	0	0	0	0	1	0	2	2
1540	0	0	0	0	1	0	0	1	0	1	1	2	2	0	1	0	2	0	0	2	2
1541	0	0	0	1	1	1	0	2	0	0	0	0	1	2	0	0	0	1	0	2	2
1542	1	0	0	1	1	0	0	1	0	1	1	1	0	1	2	1	0	0	2	0	6
1543	0	0	0	2	1	0	1	0	0	0	1	1	2	1	1	0	1	0	2	2	8
1544	0	0	1	0	0	0	1	1	0	1	1	0	0	0	1	1	1	0	2	0	6
1545	1	1	1	1	0	0	0	1	0	2	0	2	1	0	1	1	1	0	2	2	8
1546	0	0	1	1	1	0	0	0	0	0	2	1	1	1	1	0	1	0	2	0	6
1547	1	0	0	1	2	0	0	0	0	1	0	2	0	0	1	0	0	1	2	0	6
1548	0	0	0	0	1	0	0	0	0	1	1	0	1	1	2	0	2	1	2	2	8
1549	0	1	0	1	2	0	1	1	0	1	2	0	0	0	1	0	0	0	2	2	8
1550	0	0	0	1	1	0	0	1	0	0	0	0	1	1	1	0	0	0	2	2	8
1551	0	1	1	0	0	0	0	1	0	1	0	0	2	1	0	0	2	1	0	2	2
1552	0	0	0	1	0	0	0	0	0	0	2	1	2	1	0	0	0	0	2	2	8
1553	0	1	0	1	1	0	0	1	0	0	0	1	1	1	0	0	1	0	2	2	8
1554	1	1	0	1	0	0	1	0	0	0	2	2	0	1	0	1	1	0	0	2	2
1555	0	1	0	1	2	0	0	1	0	0	0	1	0	1	0	0	2	0	0	2	2
1556	0	0	0	2	2	1	0	2	0	0	0	2	2	0	1	0	2	0	2	2	8
1557	0	0	1	1	1	0	0	1	0	1	0	2	1	1	1	0	0	0	2	2	8
1558	1	0	1	2	1	0	0	1	0	0	1	0	2	1	0	1	1	0	0	2	2
1559	0	1	2	0	0	0	0	1	0	0	0	1	2	0	1	0	2	0	2	2	8
1560	1	0	0	1	2	0	0	1	0	0	0	1	0	1	1	1	1	0	2	0	6
1561	0	1	0	0	1	0	0	2	0	0	0	0	1	1	1	0	1	1	2	0	6
1562	0	1	0	1	0	0	0	1	0	2	0	0	1	0	2	0	2	1	2	2	8
1563	0	0	0	1	2	0	0	2	0	1	1	0	1	1	1	0	0	0	2	0	6
1564	0	0	1	2	0	0	1	1	0	2	1	2	0	1	2	0	0	1	0	2	2
1565	0	0	1	1	0	0	0	2	0	1	0	0	1	1	1	0	1	1	0	2	2
1566	0	0	0	2	1	0	0	1	0	0	1	0	0	1	1	0	0	1	0	2	2
1567	1	0	0	1	1	0	1	2	0	2	0	0	2	0	0	1	0	0	0	2	2
1568	1	0	0	2	1	0	0	1	0	1	0	2	2	1	0	0	1	0	0	2	2
1569	0	1	0	1	0	0	0	0	0	0	1	1	1	1	1	0	0	0	2	0	6
1570	0	1	1	0	2	1	0	1	0	2	0	2	0	0	1	1	1	0	0	2	2
1571	0	0	0	0	1	1	0	1	0	1	2	2	1	1	1	0	0	1	0	2	2
1572	0	0	1	0	0	0	0	0	0	0	1	2	1	1	1	0	0	0	2	0	6
1573	0	0	1	0	0	0	0	2	0	0	1	0	1	2	1	1	2	0	2	2	8
1574	0	1	0	2	1	0	0	1	0	2	1	0	2	1	1	0	0	1	0	2	2
1575	0	0	0	1	1	0	0	0	0	0	0	1	0	1	0	0	1	0	2	0	6
1576	0	0	0	0	1	0	1	1	0	1	1	0	1	2	0	0	0	0	2	2	8
1577	0	1	1	1	0	0	0	1	0	0	1	0	0	1	0	0	0	0	2	0	6
1578	0	1	0	2	1	0	0	1	0	0	0	1	2	1	0	0	1	0	2	0	6
1579	1	1	0	0	0	0	1	1	0	0	1	1	1	1	1	0	2	0	2	2	8
1580	0	0	1	0	0	0	0	1	0	1	1	0	0	1	1	1	1	1	2	0	6
1581	1	0	0	1	2	0	1	1	1	1	0	2	1	2	0	0	2	1	2	0	6
1582	0	1	0	1	1	0	0	1	0	0	2	1	1	2	0	1	2	0	2	2	8
1583	1	0	0	2	0	1	1	2	0	1	0	0	0	1	1	0	2	0	0	2	2
1584	0	1	0	2	2	0	0	1	0	1	1	0	1	1	1	0	2	1	2	0	6
1585	1	0	0	1	0	0	0	1	0	1	1	0	2	2	2	0	0	0	0	2	2
1586	0	0	0	1	0	0	0	0	0	1	2	2	1	1	1	1	0	0	2	2	8
1587	0	1	0	1	1	0	0	1	0	1	0	1	0	1	1	1	1	0	2	0	6
1588	1	0	0	2	2	0	0	1	0	1	1	1	2	1	1	0	0	1	2	2	8
1589	1	1	0	1	1	0	0	1	1	1	0	0	2	1	2	1	0	0	0	2	2
1590	0	0	0	2	1	0	0	2	0	1	1	1	0	1	0	0	1	0	0	2	2
1591	0	0	0	1	1	0	0	1	1	0	1	0	2	1	1	1	1	0	2	2	8
1592	1	0	0	1	1	0	0	0	0	0	1	1	1	2	1	0	2	0	2	2	8
1593	0	0	0	1	1	0	0	0	0	0	0	0	0	1	2	1	0	1	2	2	8
1594	0	1	0	1	0	0	1	2	0	0	1	2	1	1	1	1	1	1	2	2	8
1595	0	1	0	2	1	0	1	1	0	1	0	1	0	1	0	0	1	1	2	0	6
1596	0	0	0	2	1	0	0	0	0	2	2	0	2	0	0	0	1	2	2	2	8
1597	0	1	1	1	1	0	0	1	0	1	0	2	1	0	2	1	1	0	2	2	8
1598	0	0	0	2	0	0	0	1	0	1	1	1	2	0	0	0	1	0	2	0	6
1599	0	1	0	1	1	0	0	1	0	0	0	1	0	1	0	1	0	0	2	0	6